DIRECTORIO_HOG,municipio
1010331,Bogotá
1010411,Bogotá
1010421,Bogotá
1010471,Bogotá
1010591,Bogotá
1010591,Bogotá
1010631,Bogotá
1010891,Bogotá
1010891,Bogotá
1011422,Bogotá
1011582,Bogotá
1011891,Bogotá
1012001,Bogotá
1012081,Bogotá
1012381,Bogotá
1012701,Bogotá
1012811,Bogotá
1012911,Bogotá
1012961,Bogotá
1013971,Bogotá
1014061,Bogotá
1014191,Bogotá
1014191,Bogotá
1014201,Bogotá
1014431,Bogotá
1014451,Bogotá
1014521,Bogotá
1015431,Bogotá
1015431,Bogotá
1015501,Bogotá
1015511,Bogotá
1016241,Bogotá
1016241,Bogotá
1016891,Bogotá
1017011,Bogotá
1017131,Bogotá
1017131,Bogotá
1017461,Bogotá
1017511,Bogotá
1017571,Bogotá
1017591,Bogotá
1017641,Bogotá
1017651,Bogotá
1017931,Bogotá
1018081,Bogotá
1018581,Bogotá
1018931,Bogotá
1019041,Bogotá
1019091,Bogotá
1019101,Bogotá
1019121,Bogotá
1019271,Bogotá
1020041,Bogotá
1020041,Bogotá
1021241,Bogotá
1021311,Bogotá
1021351,Bogotá
1021471,Bogotá
1021621,Bogotá
1021621,Bogotá
1021691,Bogotá
1021701,Bogotá
1021791,Bogotá
1021971,Bogotá
1022011,Bogotá
1022051,Bogotá
1022071,Bogotá
1022071,Bogotá
1022121,Bogotá
1022231,Bogotá
1022691,Bogotá
1022981,Bogotá
1023421,Bogotá
1023451,Bogotá
1023601,Bogotá
1023671,Bogotá
1023891,Bogotá
1023921,Bogotá
1024641,Bogotá
1024671,Bogotá
1024771,Bogotá
1024851,Bogotá
1025121,Bogotá
1025191,Bogotá
1025271,Bogotá
1025291,Bogotá
1025351,Bogotá
1025601,Bogotá
1025691,Bogotá
1025881,Bogotá
1026001,Bogotá
1026001,Bogotá
1026111,Bogotá
1026121,Bogotá
1026191,Bogotá
1026681,Bogotá
1026781,Bogotá
1026791,Bogotá
1026861,Bogotá
1027661,Bogotá
1027831,Bogotá
1028331,Bogotá
1028371,Bogotá
1028961,Bogotá
1028981,Bogotá
1029631,Bogotá
1029691,Bogotá
1030061,Bogotá
1030211,Bogotá
1031291,Bogotá
1031321,Bogotá
1031941,Bogotá
1031952,Bogotá
1032001,Bogotá
1032071,Bogotá
1032121,Bogotá
1032511,Bogotá
1032551,Bogotá
1032921,Bogotá
1032991,Bogotá
1032991,Bogotá
1032991,Bogotá
1033191,Bogotá
1033201,Bogotá
1033351,Bogotá
1033351,Bogotá
1033351,Bogotá
1033411,Bogotá
1033811,Bogotá
1033831,Bogotá
1034011,Bogotá
1034011,Bogotá
1034141,Bogotá
1034151,Bogotá
1034421,Bogotá
1034421,Bogotá
1034421,Bogotá
1034431,Bogotá
1034471,Bogotá
1034531,Bogotá
1037531,Bogotá
1037831,Bogotá
1038351,Bogotá
1038691,Bogotá
1038701,Bogotá
1038721,Bogotá
1038941,Bogotá
1038951,Bogotá
1038991,Bogotá
1039092,Bogotá
1039391,Bogotá
1039511,Bogotá
1040831,Bogotá
1041002,Bogotá
1041062,Bogotá
1041361,Bogotá
1041381,Bogotá
1041461,Bogotá
1041461,Bogotá
1041551,Bogotá
1041831,Bogotá
1042251,Bogotá
1042451,Bogotá
1042721,Bogotá
1042891,Bogotá
1042951,Bogotá
1044091,Bogotá
1044141,Bogotá
1044291,Bogotá
1044361,Bogotá
1044481,Bogotá
1044571,Bogotá
1044642,Bogotá
1045111,Bogotá
1045161,Bogotá
1045171,Bogotá
1045191,Bogotá
1045311,Bogotá
1045391,Bogotá
1045661,Bogotá
1046001,Bogotá
1046061,Bogotá
1046061,Bogotá
1046161,Bogotá
1046161,Bogotá
1046441,Bogotá
1046501,Bogotá
1046651,Bogotá
1047091,Bogotá
1047151,Bogotá
1047361,Bogotá
1047551,Bogotá
1047691,Bogotá
1047711,Bogotá
1048211,Bogotá
1048471,Bogotá
1048801,Bogotá
1048881,Bogotá
1049591,Bogotá
1049661,Bogotá
1049771,Bogotá
1049961,Bogotá
1050191,Bogotá
1050191,Bogotá
1050261,Bogotá
1050281,Bogotá
1050291,Bogotá
1050291,Bogotá
1050311,Bogotá
1050311,Bogotá
1050381,Bogotá
1050731,Bogotá
1050811,Bogotá
1050931,Bogotá
1050961,Bogotá
1051051,Bogotá
1051271,Bogotá
1051331,Bogotá
1052081,Bogotá
1052211,Bogotá
1052261,Bogotá
1052901,Bogotá
1053271,Bogotá
1053311,Bogotá
1053471,Bogotá
1053671,Bogotá
1053751,Bogotá
1053911,Bogotá
1054191,Bogotá
1054501,Bogotá
1054561,Bogotá
1054591,Bogotá
1054711,Bogotá
1054851,Bogotá
1055031,Bogotá
1055111,Bogotá
1055131,Bogotá
1055251,Bogotá
1055581,Bogotá
1055631,Bogotá
1055651,Bogotá
1055681,Bogotá
1055781,Bogotá
1055911,Bogotá
1056091,Bogotá
1056881,Bogotá
1056981,Bogotá
1056981,Bogotá
1057021,Bogotá
1057031,Bogotá
1057231,Bogotá
1057351,Bogotá
1057601,Bogotá
1057601,Bogotá
1057631,Bogotá
1058041,Bogotá
1060661,Bogotá
1060701,Bogotá
1061091,Bogotá
1061391,Bogotá
1061541,Bogotá
1061741,Bogotá
1061761,Bogotá
1061931,Bogotá
1061941,Bogotá
1062121,Bogotá
1062121,Bogotá
1062291,Bogotá
1075461,Bogotá
1075491,Bogotá
1075911,Bogotá
1076411,Bogotá
1076461,Bogotá
1076501,Bogotá
1076771,Bogotá
1076772,Bogotá
1077381,Bogotá
1077691,Bogotá
1077831,Bogotá
1078081,Bogotá
1078272,Bogotá
1078431,Bogotá
1078611,Bogotá
1078611,Bogotá
1079011,Bogotá
1079161,Bogotá
1079181,Bogotá
1080081,Bogotá
1080091,Bogotá
1080651,Bogotá
1080651,Bogotá
1080711,Bogotá
1080811,Bogotá
1080841,Bogotá
1080981,Bogotá
1081211,Bogotá
1081241,Bogotá
1081661,Bogotá
1081781,Bogotá
1082101,Bogotá
1082121,Bogotá
1082131,Bogotá
1082201,Bogotá
1082201,Bogotá
1082251,Bogotá
1083491,Bogotá
1083601,Bogotá
1083771,Bogotá
1085411,Bogotá
1085891,Bogotá
1086241,Bogotá
1086351,Bogotá
1086501,Bogotá
1086501,Bogotá
1086921,Bogotá
1086971,Bogotá
1087171,Bogotá
1087341,Bogotá
1087341,Bogotá
1087361,Bogotá
1087511,Bogotá
1087671,Bogotá
1088081,Bogotá
1088981,Bogotá
1088981,Bogotá
1088981,Bogotá
1088981,Bogotá
1089511,Bogotá
1089621,Bogotá
1089801,Bogotá
1089831,Bogotá
1090011,Bogotá
1090831,Bogotá
1091261,Bogotá
1091321,Bogotá
1091441,Bogotá
1092451,Bogotá
1092591,Bogotá
1092741,Bogotá
1093061,Bogotá
1093741,Bogotá
1093981,Bogotá
1094311,Bogotá
1094411,Bogotá
1094491,Bogotá
1094501,Bogotá
1094551,Bogotá
1094551,Bogotá
1094621,Bogotá
1101251,Bogotá
1101311,Bogotá
1101331,Bogotá
1101451,Bogotá
1101531,Bogotá
1101551,Bogotá
1101671,Bogotá
1101691,Bogotá
1101911,Bogotá
1101961,Bogotá
1101961,Bogotá
1101971,Bogotá
1102071,Bogotá
1102451,Bogotá
1102451,Bogotá
1102541,Bogotá
1102551,Bogotá
1102591,Bogotá
1102721,Bogotá
1102721,Bogotá
1103141,Bogotá
1103431,Bogotá
1104441,Bogotá
1104491,Bogotá
1105091,Bogotá
1105291,Bogotá
1105291,Bogotá
1105551,Bogotá
1105781,Bogotá
1105911,Bogotá
1106201,Bogotá
1106241,Bogotá
1106311,Bogotá
1106391,Bogotá
1107301,Bogotá
1107521,Bogotá
1108271,Bogotá
1108391,Bogotá
1108501,Bogotá
1109411,Bogotá
1109871,Bogotá
1110001,Bogotá
1110021,Bogotá
1110071,Bogotá
1110891,Bogotá
1111001,Bogotá
1111051,Bogotá
1111061,Bogotá
1111151,Bogotá
1111411,Bogotá
1111761,Bogotá
1111901,Bogotá
1112141,Bogotá
1112601,Bogotá
1112601,Bogotá
1112791,Bogotá
1112831,Bogotá
1112831,Bogotá
1112831,Bogotá
1112841,Bogotá
1113291,Bogotá
1113291,Bogotá
1113371,Bogotá
1113391,Bogotá
1113641,Bogotá
1113701,Bogotá
1113731,Bogotá
1113741,Bogotá
1113761,Bogotá
1113821,Bogotá
1113931,Bogotá
1114091,Bogotá
1114171,Bogotá
1114521,Bogotá
1114641,Bogotá
1114871,Bogotá
1114981,Bogotá
1115151,Gachancipá
1115251,Gachancipá
1115311,Gachancipá
1115661,Gachancipá
1115751,Gachancipá
1116091,Bogotá
1116241,Bogotá
1116241,Bogotá
1116331,Bogotá
1116351,Bogotá
1116521,Bogotá
1116611,Bogotá
1116831,Bogotá
1116871,Bogotá
1116941,Bogotá
1117301,Bogotá
1117381,Bogotá
1117461,Bogotá
1117561,Bogotá
1117611,Bogotá
1117701,Bogotá
1117701,Bogotá
1118681,Bogotá
1118791,Bogotá
1118901,Bogotá
1118921,Bogotá
1119001,Bogotá
1119071,Bogotá
1119261,Bogotá
1120151,Bogotá
1120691,Bogotá
1120751,Bogotá
1120841,Bogotá
1120881,Bogotá
1120901,Bogotá
1121012,Bogotá
1121081,Bogotá
1121281,Bogotá
1121411,Bogotá
1121421,Bogotá
1121532,Bogotá
1121532,Bogotá
1121781,Bogotá
1122711,Bogotá
1122841,Bogotá
1122901,Bogotá
1123321,Bogotá
1123481,Bogotá
1123771,Bogotá
1123781,Bogotá
1124541,Bogotá
1124541,Bogotá
1125461,Bogotá
1125551,Bogotá
1125651,Bogotá
1125861,Bogotá
1125901,Bogotá
1125951,Bogotá
1126021,Bogotá
1126041,Bogotá
1126421,Bogotá
1126711,Bogotá
1126801,Bogotá
1126901,Bogotá
1127071,Bogotá
1127431,Bogotá
1127541,Bogotá
1127751,Bogotá
1215541,Bogotá
1215731,Bogotá
1215801,Bogotá
1215971,Bogotá
1216111,Bogotá
1216231,Bogotá
1216251,Bogotá
1216371,Bogotá
1216551,Bogotá
1216671,Bogotá
1216941,Bogotá
1217211,Bogotá
1217601,Bogotá
1217941,Bogotá
1218381,Bogotá
1218641,Bogotá
1218881,Bogotá
1218881,Bogotá
1219001,Bogotá
1219541,Sopo
1219551,Sopo
1220201,Sopo
1220201,Sopo
1220592,Sopo
1220592,Sopo
1220931,Bogotá
1221141,Bogotá
1221451,Bogotá
1221621,Bogotá
1221791,Bogotá
1221801,Bogotá
1222471,Bogotá
1222501,Bogotá
1222671,Bogotá
1222711,Bogotá
1222971,Bogotá
1222981,Bogotá
1222991,Bogotá
1222991,Bogotá
1223011,Bogotá
1223821,Bogotá
1224991,Bogotá
1225331,Bogotá
1225341,Bogotá
1226001,Bogotá
1226111,Bogotá
1226431,Funza
1236621,Bogotá
1236741,Bogotá
1236781,Bogotá
1237191,Bogotá
1237191,Bogotá
1237391,Bogotá
1237431,Bogotá
1237491,Bogotá
1237561,Bogotá
1237581,Bogotá
1237831,Bogotá
1237981,Bogotá
1238001,Bogotá
1238501,Bogotá
1238531,Bogotá
1238651,Bogotá
1238741,Bogotá
1238741,Bogotá
1238901,Bogotá
1239041,Bogotá
1239051,Bogotá
1239481,Bogotá
1239491,Bogotá
1239561,Bogotá
1239901,Bogotá
1239931,Bogotá
1239931,Bogotá
1240381,Bogotá
1240421,Bogotá
1240531,Bogotá
1240881,Bogotá
1241051,Bogotá
1241721,Bogotá
1242121,Bogotá
1242261,Bogotá
1242501,Bogotá
1242891,Bogotá
1242981,Bogotá
1243091,Bogotá
1243131,Bogotá
1243291,Bogotá
1243361,Bogotá
1243441,Bogotá
1244111,Bogotá
1244191,Bogotá
1244551,Bogotá
1244551,Bogotá
1244591,Bogotá
1245461,Bogotá
1245611,Bogotá
1245651,Bogotá
1245741,Bogotá
1245741,Bogotá
1245891,Bogotá
1246011,Bogotá
1246071,Bogotá
1246191,Bogotá
1246781,Bogotá
1246861,Bogotá
1246891,Bogotá
1247061,Bogotá
1247201,Bogotá
1247301,Bogotá
1247331,Bogotá
1247371,Bogotá
1247491,Bogotá
1247661,Bogotá
1247661,Bogotá
1248421,Bogotá
1248471,Bogotá
1248931,Bogotá
1249241,Bogotá
1249341,Bogotá
1249361,Bogotá
1249411,Bogotá
1249501,Bogotá
1249621,Bogotá
1249781,Bogotá
1250151,Bogotá
1250151,Bogotá
1250151,Bogotá
1250331,Bogotá
1251231,Bogotá
1251291,Bogotá
1251381,Bogotá
1251471,Bogotá
1251561,Bogotá
1251601,Bogotá
1251601,Bogotá
1251691,Bogotá
1251701,Bogotá
1251801,Bogotá
1251811,Bogotá
1251821,Bogotá
1252091,Bogotá
1252181,Bogotá
1252181,Bogotá
1252181,Bogotá
1252301,Bogotá
1252301,Bogotá
1252371,Bogotá
1252581,Bogotá
1252801,Bogotá
1252811,Bogotá
1253081,Bogotá
1253081,Bogotá
1253341,Bogotá
1253461,Bogotá
1253711,Bogotá
1253781,Bogotá
1254471,Bogotá
1254591,Bogotá
1254761,Bogotá
1254761,Bogotá
1254771,Bogotá
1254801,Bogotá
1254801,Bogotá
1255021,Bogotá
1255021,Bogotá
1255121,Bogotá
1255251,Bogotá
1255261,Bogotá
1255391,Bogotá
1255581,Bogotá
1262911,Girardot
1263121,Girardot
1263151,Girardot
1263211,Girardot
1263421,Girardot
1263571,Girardot
1263671,Girardot
1263681,Girardot
1263971,Girardot
1265731,Girardot
1266011,Guaduas
1266131,Guaduas
1266391,Guaduas
1266461,Guaduas
1266741,Guaduas
1266741,Guaduas
1267041,Guaduas
1267381,Guaduas
1267441,Guaduas
1267881,Sopo
1268041,Sopo
1268041,Sopo
1270261,Bogotá
1270641,Bogotá
1270911,Bogotá
1270911,Bogotá
1271081,Bogotá
1271241,Bogotá
1271281,Bogotá
1271321,Bogotá
1271561,Bogotá
1271721,Bogotá
1271851,Bogotá
1271951,Bogotá
1272041,Bogotá
1272151,Bogotá
1272181,Bogotá
1272251,Bogotá
1272251,Bogotá
1272401,Bogotá
1272761,Bogotá
1272771,Bogotá
1272801,Bogotá
1272911,Bogotá
1272941,Bogotá
1273841,Bogotá
1273971,Bogotá
1274291,Bogotá
1274301,Bogotá
1274571,Bogotá
1274581,Bogotá
1274711,Bogotá
1275101,Bogotá
1275191,Bogotá
1275251,Bogotá
1275261,Bogotá
1275701,Bogotá
1275901,Bogotá
1275961,Bogotá
1276031,Bogotá
1276331,Bogotá
1276742,Chía
1279151,Bogotá
1279151,Bogotá
1279341,Bogotá
1279381,Bogotá
1279401,Bogotá
1279781,Bogotá
1280551,Bogotá
1280561,Bogotá
1280661,Bogotá
1281691,Bogotá
1281901,Bogotá
1281921,Bogotá
1284461,Bogotá
1284461,Bogotá
1284671,Bogotá
1284671,Bogotá
1284811,Bogotá
1285691,Bogotá
1285891,Bogotá
1285911,Bogotá
1285921,Bogotá
1285961,Bogotá
1286331,Bogotá
1286671,Funza
1286811,Funza
1286871,Funza
1286991,Funza
1287301,Funza
1287441,Funza
1288251,Sopo
1288271,Sopo
1288321,Sopo
1288821,Bogotá
1291061,Bogotá
1291381,Bogotá
1291711,Bogotá
1292131,Bogotá
1292161,Bogotá
1292221,Bogotá
1292221,Bogotá
1292251,Bogotá
1292721,Bogotá
1292811,Bogotá
1292821,Bogotá
1292861,Bogotá
1292861,Bogotá
1293501,Bogotá
1293561,Bogotá
1293601,Bogotá
1293791,Bogotá
1293801,Bogotá
1294461,Bogotá
1294681,Bogotá
1295031,Bogotá
1295601,Bogotá
1295961,Bogotá
1296131,Bogotá
1296461,Bogotá
1296641,Bogotá
1296911,Bogotá
1297111,Bogotá
1297441,Bogotá
1297541,Bogotá
1297541,Bogotá
1297551,Bogotá
1298351,Bogotá
1298861,Bogotá
1298861,Bogotá
1298861,Bogotá
1298932,Bogotá
1298941,Bogotá
1299091,Bogotá
1299111,Bogotá
1299131,Bogotá
1299831,Bogotá
1300311,Bogotá
1300681,Bogotá
1300781,Bogotá
1300792,Bogotá
1300841,Bogotá
1300841,Bogotá
1300861,Bogotá
1301481,Girardot
1302171,Gachancipá
1302221,Gachancipá
1302221,Gachancipá
1302281,Gachancipá
1302461,Gachancipá
1302591,Gachancipá
1302611,Gachancipá
1302791,Gachancipá
1303031,Gachancipá
1303101,Gachancipá
1303291,Gachancipá
1303371,Gachancipá
1303701,Guaduas
1304061,Guaduas
1304391,Sopo
1304431,Sopo
1304441,Sopo
1304461,Sopo
1304531,Sopo
1304531,Sopo
1304631,Sopo
1304751,Sopo
1304821,Sopo
1304871,Sopo
1305431,Villeta
1305431,Villeta
1305431,Villeta
1305911,Villeta
1306331,Villeta
1306791,Villeta
1307071,Zipaquirá
1307131,Zipaquirá
1307311,Bogotá
1307351,Bogotá
1307971,Bogotá
1308051,Bogotá
1308051,Bogotá
1308701,Soacha
1309821,Tenjo
1310131,Tenjo
1310301,Bogotá
1311091,Caqueza
1311391,Pacho
1311701,Pacho
1311961,Pacho
1311991,Pacho
1312721,Villa de san diego de ubate
1312771,Villa de san diego de ubate
1312811,Villa de san diego de ubate
1313371,Villa de san diego de ubate
1313421,Bojacá
1332951,Bogotá
1333121,Bogotá
1333481,Girardot
1333511,Girardot
1333521,Girardot
1333621,Gachancipá
1333721,Gachancipá
1333741,Gachancipá
1333881,Gachancipá
1333881,Gachancipá
1333881,Gachancipá
1333881,Gachancipá
1333881,Gachancipá
1334631,Sopo
1334751,Subachoque
1334781,Subachoque
1334871,Subachoque
1334901,Subachoque
1334931,Subachoque
1335071,Subachoque
1335551,Mosquera
1335591,Mosquera
1335681,Mosquera
1335691,Mosquera
1335691,Mosquera
1335991,Mosquera
1336131,Mosquera
1336321,Mosquera
1336321,Mosquera
1336361,Medellín
1336371,Medellín
1336891,Caqueza
1336931,Caqueza
1337051,Caqueza
1337241,Caqueza
1337242,Caqueza
1337291,Bogotá
1337321,Bogotá
1337371,Bogotá
1337371,Bogotá
1337371,Bogotá
1337441,Bogotá
1337731,Bogotá
1337761,Bogotá
1337911,Bogotá
1338011,Bogotá
1338101,Bogotá
1338251,Bogotá
1338391,Bogotá
1338401,Bogotá
1338461,Bogotá
1338531,Bogotá
1338571,Bogotá
1338571,Bogotá
1338591,Bogotá
1338791,Bogotá
1338831,Bogotá
1338861,Bogotá
1339281,Bogotá
1339351,Bogotá
1339771,Bogotá
1340261,Bogotá
1340441,Bogotá
1340721,Bogotá
1340751,Bogotá
1340771,Bogotá
1340891,Bogotá
1340921,Bogotá
1341251,Bogotá
1341331,Bogotá
1341491,Bogotá
1341601,Bogotá
1342071,Bogotá
1342071,Bogotá
1342331,Bogotá
1342541,Bogotá
1343021,Bogotá
1343111,Bogotá
1344051,Caqueza
1344071,Caqueza
1344091,Caqueza
1344771,Bogotá
1344991,Bogotá
1345251,Bogotá
1345411,Bogotá
1345421,Bogotá
1345631,Bogotá
1346081,Bogotá
1346441,Bogotá
1346461,Bogotá
1346531,Bogotá
1346531,Bogotá
1346531,Bogotá
1346801,Bogotá
1347061,Bogotá
1347121,Bogotá
1347201,Bogotá
1347201,Bogotá
1347801,Facatativa
1347911,Facatativa
1348221,Facatativa
1348521,Funza
1348531,Funza
1348561,Funza
1348571,Funza
1348691,Funza
1348831,Funza
1349011,Funza
1349151,Funza
1349181,Funza
1349381,Funza
1349451,Funza
1349771,La mesa
1349851,La mesa
1350101,La mesa
1350351,La mesa
1350571,La mesa
1350611,La mesa
1350701,La mesa
1351391,Choconta
1351431,Choconta
1351581,Choconta
1351831,Sibaté
1352001,Sibaté
1352281,Sibaté
1352351,Sibaté
1352351,Sibaté
1352451,Sibaté
1352761,Sibaté
1352901,Subachoque
1352941,Subachoque
1353071,Tabio
1353081,Tabio
1353371,Medina
1353401,Medina
1353421,Medina
1353521,Medina
1353551,Medina
1353761,Medina
1353871,Medina
1354081,Medina
1354281,Medina
1354331,Medina
1354341,Medina
1354381,Medina
1354711,Sutatausa
1355011,Sutatausa
1355141,Villa de san diego de ubate
1356391,Bogotá
1356471,Bogotá
1356501,Bogotá
1356541,Bogotá
1356671,Bogotá
1356781,Bogotá
1357151,Bogotá
1357161,Bogotá
1357181,Bogotá
1357591,Bogotá
1357802,Bogotá
1357951,Bogotá
1358631,Bogotá
1358631,Bogotá
1358751,Bogotá
1358861,Bogotá
1358881,Bogotá
1359991,Bogotá
1360211,Bogotá
1360411,Bogotá
1360661,Bogotá
1360951,Bogotá
1361031,Bogotá
1361091,Bogotá
1361091,Bogotá
1361751,Bogotá
1361981,Bogotá
1362361,Bogotá
1362421,Bogotá
1362431,Bogotá
1362531,Bogotá
1362791,Bogotá
1362901,Bogotá
1363191,Bogotá
1363191,Bogotá
1363231,Bogotá
1363761,Bogotá
1363841,Bogotá
1363911,Bogotá
1363921,Bogotá
1364111,Bogotá
1364251,Bogotá
1365001,Bogotá
1365421,Bogotá
1366031,Bogotá
1366371,Bogotá
1366661,Bogotá
1366821,Bogotá
1366871,Bogotá
1367131,Bogotá
1367771,Bogotá
1367801,Bogotá
1367861,Bogotá
1367921,Bogotá
1367971,Bogotá
1367971,Bogotá
1368231,Bogotá
1368711,Funza
1369011,Funza
1369031,Funza
1369091,Funza
1369271,Funza
1369441,Funza
1370071,Girardot
1370071,Girardot
1370311,Girardot
1370891,Girardot
1370891,Girardot
1371221,Tabio
1371661,San Juan de rio seco
1371801,San Juan de rio seco
1371861,Medellín
1371931,Medellín
1371991,Medellín
1372121,Caqueza
1372161,Caqueza
1372251,Caqueza
1372271,Caqueza
1373461,Bogotá
1373631,Bogotá
1374011,Bogotá
1374531,Bogotá
1374721,Bogotá
1374861,Bogotá
1375201,Bogotá
1375971,Bogotá
1375981,Bogotá
1376071,Bogotá
1376141,Bogotá
1376581,Bogotá
1376581,Bogotá
1376601,Bogotá
1377081,Sesquile
1377761,Tausa
1378501,Funza
1378581,Funza
1378791,Funza
1378891,Funza
1378961,Funza
1379291,Gachancipá
1380011,Subachoque
1380031,Subachoque
1380461,San Juan de rio seco
1380471,San Juan de rio seco
1380521,San Juan de rio seco
1380701,San Juan de rio seco
1380891,Medellín
1380911,Medellín
1381071,Tocancipá
1381071,Tocancipá
1381141,Tocancipá
1381191,Tocancipá
1381521,Tocancipá
1381671,Tocancipá
1381671,Tocancipá
1381801,Pacho
1381851,Pacho
1381861,Pacho
1381891,Pacho
1381951,Pacho
1382181,Pacho
1382221,Fusagasugá
1382231,Fusagasugá
1382241,Fusagasugá
1382331,Fusagasugá
1382431,Fusagasugá
1382511,Fusagasugá
1382511,Fusagasugá
1382581,Fusagasugá
1383311,Bogotá
1383411,Bogotá
1383521,Bogotá
1384271,Bogotá
1384271,Bogotá
1384581,Bogotá
1384701,Bogotá
1384701,Bogotá
1384841,Bogotá
1384881,Bogotá
1385161,Bogotá
1385431,Bogotá
1385491,Bogotá
1385881,Bogotá
1385981,Bogotá
1386131,Bogotá
1386261,Bogotá
1386421,Bogotá
1386431,Bogotá
1386511,Bogotá
1386541,Bogotá
1386691,Bogotá
1386931,Bogotá
1386991,Bogotá
1387461,Bogotá
1387562,Bogotá
1387621,Bogotá
1388231,Bogotá
1388232,Bogotá
1388232,Bogotá
1388241,Bogotá
1388261,Bogotá
1388311,Bogotá
1388331,Bogotá
1388981,Bogotá
1389101,Bogotá
1389471,Bogotá
1390131,Bogotá
1390171,Bogotá
1390181,Bogotá
1390221,Bogotá
1390461,Bogotá
1390521,Bogotá
1390561,Bogotá
1390971,Bogotá
1391111,Bogotá
1391441,Bogotá
1391661,Bogotá
1392101,Bogotá
1392111,Bogotá
1392131,Bogotá
1392361,Bogotá
1392401,Bogotá
1392951,Bogotá
1393321,Bogotá
1393811,Bogotá
1393881,Bogotá
1394151,Bogotá
1394221,Bogotá
1394261,Bogotá
1394291,Bogotá
1394331,Bogotá
1394571,Bogotá
1394571,Bogotá
1394813,Bogotá
1394901,Bogotá
1394931,Bogotá
1394981,Bogotá
1395071,Bogotá
1395541,Bogotá
1395791,Bogotá
1396071,Bogotá
1396121,Bogotá
1396641,Bogotá
1396651,Bogotá
1396761,Bogotá
1396761,Bogotá
1396791,Bogotá
1396791,Bogotá
1396791,Bogotá
1396921,Bogotá
1397381,Bogotá
1397441,Bogotá
1398281,Sesquile
1398301,Sesquile
1398321,Sesquile
1398331,Sesquile
1398331,Sesquile
1398641,Sesquile
1398671,Sesquile
1399871,San Juan de rio seco
1399971,San Juan de rio seco
1400531,Guatavita
1400531,Guatavita
1401401,Caqueza
1401651,Villa de san diego de ubate
1401731,Villa de san diego de ubate
1401791,Villa de san diego de ubate
1401801,Villa de san diego de ubate
1401811,Villa de san diego de ubate
1401841,Villa de san diego de ubate
1402001,Villa de san diego de ubate
1402201,Villa de san diego de ubate
1402411,Villeta
1402511,Villeta
1402571,Villeta
1402641,Villeta
1402711,Villeta
1402751,Villeta
1402801,Villeta
1402801,Villeta
1402811,Villeta
1403231,Zipaquirá
1403421,Bogotá
1403461,Bogotá
1406401,Bogotá
1406421,Bogotá
1406481,Bogotá
1406831,Bogotá
1407081,Bogotá
1407231,Bogotá
1407381,Bogotá
1407641,Bogotá
1407971,Bogotá
1408621,Bogotá
1408951,Bogotá
1409111,Bogotá
1409111,Bogotá
1409191,Bogotá
1409521,Bogotá
1409561,Bogotá
1409971,Bogotá
1410101,Bogotá
1410181,Bogotá
1410211,Bogotá
1410341,Bogotá
1410681,Bogotá
1410901,Bogotá
1410921,Bogotá
1411061,Bogotá
1411621,Bogotá
1411801,Bogotá
1411941,Bogotá
1412111,Bogotá
1412401,Bogotá
1412401,Bogotá
1412741,Bogotá
1413101,Bogotá
1413111,Bogotá
1413221,Bogotá
1413321,Bogotá
1413321,Bogotá
1413371,Bogotá
1413621,Bogotá
1413761,Bogotá
1413781,Bogotá
1413851,Bogotá
1413861,Bogotá
1413861,Bogotá
1413911,Bogotá
1413991,Bogotá
1414161,Bogotá
1414201,Bogotá
1414591,Bogotá
1415041,Bogotá
1415061,Bogotá
1415281,Funza
1415391,Funza
1415831,Sesquile
1415871,Sesquile
1415931,Sesquile
1416271,Guaduas
1416271,Guaduas
1416341,Guaduas
1416661,Cota
1416671,Cota
1416921,Gacheta
1417131,Gacheta
1417181,Gacheta
1417341,Gacheta
1417492,Gacheta
1417691,Gacheta
1417941,Gacheta
1417941,Gacheta
1418231,Gacheta
1418301,Gacheta
1418341,Gacheta
1418341,Gacheta
1418591,Tabio
1418631,Tabio
1418951,Medina
1419061,Medina
1419131,Medina
1419181,Medina
1419181,Medina
1419211,Medina
1419411,Medina
1419471,Medina
1419651,Medina
1419761,Medina
1419891,Medina
1419901,Medina
1419921,Medina
1420031,Medina
1420211,Medina
1420441,Medina
1420741,Medina
1420761,Medina
1421041,San Juan de rio seco
1421101,San Juan de rio seco
1421311,San Juan de rio seco
1421451,San Juan de rio seco
1421701,San Juan de rio seco
1421951,Fusagasugá
1422161,Fusagasugá
1422741,Bogotá
1422751,Bogotá
1423171,Bogotá
1423271,Bogotá
1423281,Bogotá
1423331,Bogotá
1423331,Bogotá
1423401,Bogotá
1423501,Bogotá
1423671,Bogotá
1423731,Bogotá
1424721,Bogotá
1424871,Bogotá
1425211,Bogotá
1425211,Bogotá
1425211,Bogotá
1425231,Bogotá
1425551,Bogotá
1425661,Bogotá
1425661,Bogotá
1425761,Bogotá
1426111,Bogotá
1427461,Bogotá
1427621,Bogotá
1427891,Bogotá
1427911,Bogotá
1427911,Bogotá
1427921,Bogotá
1427941,Bogotá
1428291,Bogotá
1428871,Bogotá
1429061,Bogotá
1429151,Bogotá
1429741,Bogotá
1429981,Bogotá
1430051,Bogotá
1430201,Bogotá
1430311,Bogotá
1430701,Bogotá
1430861,Bogotá
1431261,Bogotá
1431311,Bogotá
1431441,Bogotá
1431551,Bogotá
1431611,Bogotá
1431711,Bogotá
1431741,Bogotá
1431781,Bogotá
1431861,Bogotá
1431971,Bogotá
1432191,Bogotá
1432301,Funza
1432331,Funza
1432361,Funza
1432401,Funza
1432401,Funza
1432462,Sesquile
1432531,Sesquile
1432561,Sesquile
1432561,Sesquile
1432891,Soacha
1433111,Soacha
1433791,Soacha
1434241,Facatativa
1434551,Facatativa
1434561,Facatativa
1435041,Facatativa
1435041,Facatativa
1435041,Facatativa
1435541,Facatativa
1436071,Facatativa
1436081,Facatativa
1436591,Facatativa
1436601,Facatativa
1436841,Facatativa
1436841,Facatativa
1437161,Facatativa
1437601,Nemocon
1437611,Nemocon
1438021,Choconta
1438021,Choconta
1438271,Cota
1438691,Sibaté
1438811,Sopo
1439321,Sopo
1439381,Sopo
1439431,Sopo
1439451,Sopo
1439561,Sopo
1439671,Sopo
1440061,Medina
1440071,Medina
1440071,Medina
1440101,Medina
1440111,Medina
1440341,Medina
1440651,Mosquera
1440751,Mosquera
1440761,Mosquera
1440851,Mosquera
1441171,Mosquera
1441201,Mosquera
1441211,Mosquera
1441541,Medellín
1441721,Medellín
1441771,Medellín
1441821,Medellín
1441821,Medellín
1441881,Medellín
1441901,Guatavita
1442681,Tocancipá
1443221,Pacho
1443391,Pacho
1443431,Pacho
1443731,Villa de san diego de ubate
1443901,Villeta
1443951,Villeta
1443951,Villeta
1444031,Villeta
1444041,Villeta
1444041,Villeta
1444071,Villeta
1444291,Villeta
1444331,Villeta
1444441,Villeta
1444441,Villeta
1444531,Villeta
1444711,Villeta
1444731,Villeta
1444781,Villeta
1444891,Villeta
1445171,Villeta
1445271,Villeta
1453511,Bogotá
1453621,Bogotá
1453711,Bogotá
1453781,Bogotá
1454591,Bogotá
1454981,Bogotá
1454981,Bogotá
1454981,Bogotá
1455081,Bogotá
1455291,Bogotá
1455291,Bogotá
1455311,Bogotá
1455811,Bogotá
1456101,Bogotá
1456201,Bogotá
1456321,Bogotá
1456321,Bogotá
1456381,Bogotá
1456611,Bogotá
1456611,Bogotá
1456661,Bogotá
1456711,Bogotá
1456881,Bogotá
1457031,Bogotá
1457251,Bogotá
1457441,Bogotá
1457631,Bogotá
1457921,Bogotá
1458033,Bogotá
1458091,Bogotá
1458111,Bogotá
1458151,Bogotá
1458571,Bogotá
1458621,Bogotá
1458671,Bogotá
1460371,Bogotá
1460501,Bogotá
1460581,Bogotá
1460581,Bogotá
1460631,Bogotá
1460681,Bogotá
1462191,Bogotá
1462191,Bogotá
1462221,Bogotá
1462401,Bogotá
1462431,Bogotá
1462431,Bogotá
1463171,Bogotá
1463201,Bogotá
1463971,Bogotá
1464091,Bogotá
1464251,Bogotá
1464531,Bogotá
1464881,Bogotá
1465231,Funza
1465251,Funza
1465411,Funza
1465741,Tausa
1465831,Tausa
1465881,Tausa
1465951,Girardot
1465981,Girardot
1466391,Tabio
1469131,San Juan de rio seco
1469661,San Juan de rio seco
1469851,San Juan de rio seco
1470531,Pacho
1470551,Pacho
1470591,Pacho
1470611,Pacho
1470611,Pacho
1470711,Pacho
1470881,Bojacá
1470911,Bojacá
1471191,Bogotá
1471891,Bogotá
1472091,Bogotá
1472581,Bogotá
1472631,Bogotá
1472741,Bogotá
1472791,Bogotá
1473621,Bogotá
1473941,Bogotá
1474151,Bogotá
1474311,Bogotá
1474481,Bogotá
1474671,Bogotá
1474781,Bogotá
1474901,Bogotá
1475081,Bogotá
1475081,Bogotá
1475101,Bogotá
1475191,Bogotá
1475661,Bogotá
1477301,Bogotá
1477381,Bogotá
1477541,Bogotá
1477891,Bogotá
1478211,Bogotá
1478241,Bogotá
1478241,Bogotá
1478291,Bogotá
1478381,Bogotá
1478381,Bogotá
1478591,Bogotá
1479221,Bogotá
1479221,Bogotá
1479421,Funza
1479661,Funza
1479751,Tausa
1479791,Tausa
1480061,Tausa
1480211,Tausa
1480551,El Rosal
1480581,El Rosal
1480871,El Rosal
1481381,Medina
1481381,Medina
1481571,Medellín
1481741,Medellín
1481751,Medellín
1481751,Medellín
1481751,Medellín
1481791,Tocancipá
1481911,Caqueza
1481981,Caqueza
1482131,Pacho
1519081,Bogotá
1519091,Bogotá
1519361,Bogotá
1519501,Bogotá
1519521,Bogotá
1520011,Bogotá
1520181,Bogotá
1520751,Bogotá
1520791,Bogotá
1520801,Bogotá
1520991,Bogotá
1521291,Bogotá
1521441,Bogotá
1522151,Bogotá
1522621,Bogotá
1522671,Bogotá
1522681,Bogotá
1523121,Bogotá
1523321,Bogotá
1523791,Bogotá
1524441,Bogotá
1524691,Bogotá
1524701,Bogotá
1524871,Bogotá
1524901,Bogotá
1524972,Bogotá
1525101,Bogotá
1525261,Bogotá
1525301,Bogotá
1525301,Bogotá
1525523,Bogotá
1525531,Bogotá
1525771,Bogotá
1525891,Bogotá
1525951,Bogotá
1526031,Bogotá
1526231,Bogotá
1526351,Bogotá
1526561,Bogotá
1526561,Bogotá
1526561,Bogotá
1526651,Bogotá
1526751,Bogotá
1527221,Bogotá
1527721,Bogotá
1527731,Bogotá
1527841,Bogotá
1527841,Bogotá
1528231,Bogotá
1528541,Bogotá
1529541,Bogotá
1529811,Bogotá
1530401,Bogotá
1530481,Bogotá
1530501,Bogotá
1530641,Bogotá
1530681,Bogotá
1530681,Bogotá
1530761,Bogotá
1530821,Bogotá
1530851,Bogotá
1530921,Bogotá
1530941,Bogotá
1531111,Bogotá
1531191,Bogotá
1531231,Bogotá
1532381,Bogotá
1532601,Bogotá
1532611,Bogotá
1532661,Bogotá
1532761,Bogotá
1533001,Bogotá
1533101,Bogotá
1533201,Bogotá
1533611,Bogotá
1533761,Bogotá
1534181,Bogotá
1534191,Bogotá
1534221,Bogotá
1534411,Bogotá
1534591,Bogotá
1534861,Bogotá
1535361,Sesquile
1535701,Sesquile
1536731,Sesquile
1536911,Sesquile
1537181,Soacha
1537651,Tenjo
1537821,Tenjo
1537901,Tenjo
1537931,Tenjo
1538961,Funza
1539373,Funza
1539791,Funza
1539791,Funza
1540261,Girardot
1540341,Girardot
1540441,Girardot
1540901,Girardot
1541111,Gachancipá
1541211,Gachancipá
1541511,Gachancipá
1541571,La mesa
1541571,La mesa
1541571,La mesa
1541661,La mesa
1541791,La mesa
1541901,La mesa
1542121,La mesa
1542211,La mesa
1542271,La mesa
1542571,Nemocon
1542771,Nemocon
1542931,Nemocon
1543971,Choconta
1544501,Sibaté
1544681,Sibaté
1544681,Sibaté
1544691,Sibaté
1544751,Sibaté
1545091,Sopo
1545091,Sopo
1545091,Sopo
1545091,Sopo
1545211,Sopo
1545221,Sopo
1546391,Subachoque
1546501,Subachoque
1546641,Medina
1546671,Medina
1547171,Medina
1547451,Mosquera
1547471,Mosquera
1547521,Mosquera
1547531,Mosquera
1547741,Mosquera
1547741,Mosquera
1547741,Mosquera
1547751,Mosquera
1547751,Mosquera
1548361,San Juan de rio seco
1548411,San Juan de rio seco
1548631,Sutatausa
1548701,Sutatausa
1548881,Sutatausa
1549951,Sutatausa
1549951,Sutatausa
1550281,Sutatausa
1550831,Sutatausa
1550901,Sutatausa
1551081,Guatavita
1551251,Guatavita
1551271,Guatavita
1551641,Tocancipá
1552011,Tocancipá
1552321,Tocancipá
1552701,Tocancipá
1553201,Tocancipá
1553321,Caqueza
1553491,Caqueza
1553651,Pacho
1553701,Pacho
1553711,Pacho
1553761,Pacho
1553781,Pacho
1553821,Pacho
1553941,Villa de san diego de ubate
1554231,Villa de san diego de ubate
1555041,Villa de san diego de ubate
1555042,Villa de san diego de ubate
1555081,Villa de san diego de ubate
1555491,Villa de san diego de ubate
1555531,Villa de san diego de ubate
1556011,Fusagasugá
1556011,Fusagasugá
1557111,Fusagasugá
1557171,Fusagasugá
1557321,Chía
1557401,Chía
1557591,Chía
1557601,Chía
1557681,Chía
1558171,Chía
1558191,Chía
1558211,Chía
1558861,Bogotá
1558881,Bogotá
1560811,Bogotá
1560891,Bogotá
1561411,Bogotá
1561651,Bogotá
1562001,Bogotá
1562301,Bogotá
1562711,Bogotá
1562801,Bogotá
1563471,Bogotá
1563542,Bogotá
1563591,Bogotá
1564361,Bogotá
1564481,Bogotá
1564561,Bogotá
1564771,Bogotá
1566711,Bogotá
1567041,Bogotá
1567051,Bogotá
1567191,Bogotá
1567201,Bogotá
1567211,Bogotá
1567242,Bogotá
1567351,Bogotá
1567551,Bogotá
1568111,Bogotá
1568181,Bogotá
1568451,Bogotá
1569421,Bogotá
1569581,Bogotá
1569761,Bogotá
1569851,Bogotá
1569881,Bogotá
1570181,Bogotá
1570181,Bogotá
1570731,Bogotá
1570881,Bogotá
1571051,Bogotá
1571441,Bogotá
1571521,Bogotá
1572011,Bogotá
1572381,Bogotá
1572751,Bogotá
1573101,Bogotá
1573231,Bogotá
1573731,Bogotá
1573811,Bogotá
1574191,Bogotá
1574271,Bogotá
1574411,Bogotá
1574441,Bogotá
1574561,Bogotá
1574741,Bogotá
1574741,Bogotá
1575091,Bogotá
1575471,Bogotá
1575591,Bogotá
1576411,Bogotá
1576891,Bogotá
1577041,Bogotá
1577491,Bogotá
1578791,Facatativa
1579161,Gachancipá
1579251,Gachancipá
1579591,Guaduas
1579591,Guaduas
1579901,Guaduas
1580041,Nemocon
1581031,Gacheta
1581241,Gacheta
1581251,Gacheta
1582071,Tabio
1582281,San Juan de rio seco
1582421,San Juan de rio seco
1582521,San Juan de rio seco
1582681,San Juan de rio seco
1582961,San Juan de rio seco
1583041,San Juan de rio seco
1583151,Medellín
1583341,Tocancipá
1583351,Tocancipá
1583691,Villeta
1583871,Villeta
1584001,Villeta
1584131,Villeta
1584151,Villeta
1584191,Villeta
1584681,Villeta
1585941,Bogotá
1586391,Bogotá
1587011,Bogotá
1587181,Bogotá
1587311,Bogotá
1587311,Bogotá
1587341,Bogotá
1587691,Bogotá
1587741,Bogotá
1587791,Bogotá
1587831,Bogotá
1588101,Bogotá
1589571,Bogotá
1590561,Bogotá
1590741,Bogotá
1591091,Bogotá
1591111,Bogotá
1591211,Bogotá
1591431,Bogotá
1591471,Bogotá
1591481,Bogotá
1591621,Bogotá
1591681,Bogotá
1591721,Bogotá
1591731,Bogotá
1591761,Bogotá
1591881,Bogotá
1592511,Bogotá
1592601,Bogotá
1592681,Bogotá
1593631,Bogotá
1594231,Bogotá
1594771,Bogotá
1594911,Bogotá
1594921,Bogotá
1595121,Bogotá
1595171,Bogotá
1595401,Bogotá
1595971,Bogotá
1595971,Bogotá
1596041,Bogotá
1596791,Bogotá
1597451,Bogotá
1597541,Bogotá
1597541,Bogotá
1598901,Bogotá
1599161,Bogotá
1599281,Bogotá
1599291,Bogotá
1599291,Bogotá
1599421,Bogotá
1599541,Bogotá
1599691,Bogotá
1599761,Bogotá
1599771,Bogotá
1599931,Bogotá
1600161,Bogotá
1600501,Sesquile
1600511,Sesquile
1601381,Sesquile
1601711,Sesquile
1601871,Sesquile
1601921,Sesquile
1602151,Sesquile
1602261,Facatativa
1602681,Guaduas
1602731,Guaduas
1602891,Guaduas
1603481,Madrid
1603641,Madrid
1603771,Madrid
1604061,La Calera
1604621,La Calera
1604621,La Calera
1605191,La Calera
1605321,Sopo
1605411,Sopo
1605441,Sopo
1605641,Sopo
1605701,Tabio
1605741,Tabio
1605821,Tabio
1606141,Sutatausa
1606201,Sutatausa
1606201,Sutatausa
1606211,Sutatausa
1606371,Sutatausa
1606471,Sutatausa
1606481,Tocancipá
1606681,Caqueza
1607151,Bojacá
1607491,Bogotá
1607791,Bogotá
1608251,Bogotá
1608301,Bogotá
1608411,Bogotá
1608931,Bogotá
1609091,Bogotá
1609311,Bogotá
1609431,Bogotá
1610651,Bogotá
1611351,Bogotá
1611421,Bogotá
1611612,Bogotá
1612091,Bogotá
1612191,Bogotá
1612501,Bogotá
1612591,Bogotá
1612691,Bogotá
1612831,Bogotá
1612881,Bogotá
1612971,Bogotá
1613171,Funza
1613171,Funza
1613501,Funza
1613901,Soacha
1614011,Soacha
1614021,Soacha
1614461,Facatativa
1614781,Girardot
1614821,Girardot
1615211,Girardot
1615361,Girardot
1615441,Gachancipá
1615831,Guaduas
1615831,Guaduas
1615941,Guaduas
1615951,Guaduas
1616091,Guaduas
1616461,Madrid
1616731,Madrid
1616771,Madrid
1616851,Nemocon
1617151,Nemocon
1617331,Nemocon
1617471,Nemocon
1617571,Nemocon
1617791,Choconta
1617861,Choconta
1617951,Choconta
1617971,Choconta
1618201,Cota
1618621,Gacheta
1618741,Gacheta
1618791,Gacheta
1619671,Subachoque
1619941,Subachoque
1620631,San Juan de rio seco
1620641,San Juan de rio seco
1621231,Medellín
1621271,Medellín
1621271,Medellín
1621501,Medellín
1621511,Medellín
1622091,Guatavita
1623801,Tocancipá
1623841,Tocancipá
1624881,Tocancipá
1625371,Pacho
1625501,Pacho
1625551,Pacho
1625561,Pacho
1625761,Zipaquirá
1625771,Zipaquirá
1625811,Zipaquirá
1625991,Chía
1626361,Bogotá
1626961,Bogotá
1627191,Bogotá
1627221,Bogotá
1627321,Bogotá
1627851,Bogotá
1628311,Bogotá
1628441,Bogotá
1628451,Bogotá
1628471,Bogotá
1628541,Bogotá
1628621,Bogotá
1628711,Bogotá
1628781,Bogotá
1628841,Bogotá
1628841,Bogotá
1628911,Bogotá
1628911,Bogotá
1628941,Bogotá
1629001,Bogotá
1629391,Bogotá
1629421,Bogotá
1629561,Bogotá
1629781,Bogotá
1629791,Bogotá
1630111,Bogotá
1630131,Bogotá
1630381,Bogotá
1631511,Bogotá
1631781,Bogotá
1632421,Bogotá
1632451,Bogotá
1633061,Bogotá
1633411,Bogotá
1633641,Bogotá
1634061,Bogotá
1634351,Bogotá
1634811,Bogotá
1635011,Bogotá
1635061,Bogotá
1635181,Bogotá
1635391,Bogotá
1635461,Bogotá
1635771,Bogotá
1635861,Bogotá
1635891,Bogotá
1636011,Bogotá
1636051,Bogotá
1636051,Bogotá
1636061,Bogotá
1636081,Bogotá
1636231,Bogotá
1636411,Bogotá
1636411,Bogotá
1636411,Bogotá
1636531,Bogotá
1637241,Soacha
1637241,Soacha
1637451,Soacha
1637701,Guaduas
1637821,Guaduas
1637891,Guaduas
1638481,San Juan de rio seco
1638561,San Juan de rio seco
1638981,Villeta
1639011,Villeta
1639021,Villeta
1639051,Villeta
1639321,Villeta
1639611,Villeta
1639891,Villeta
1640161,Villeta
1640201,Villeta
1640871,Bogotá
1641451,Bogotá
1641531,Bogotá
1641531,Bogotá
1641571,Bogotá
1641581,Bogotá
1641621,Bogotá
1641641,Bogotá
1641701,Bogotá
1641721,Bogotá
1641871,Bogotá
1642131,Bogotá
1642261,Bogotá
1642961,Bogotá
1643041,Bogotá
1643041,Bogotá
1643071,Bogotá
1643151,Bogotá
1643151,Bogotá
1643251,Bogotá
1643421,Bogotá
1646931,Bogotá
1647711,Bogotá
1648801,Bogotá
1649321,Bogotá
1649701,Bogotá
1649711,Bogotá
1649811,Bogotá
1649841,Bogotá
1650901,Bogotá
1651031,Bogotá
1652221,Medina
1652251,Medina
1652291,Medina
1652341,Medina
1652441,Medina
1652621,Medina
1652731,Medina
1652751,Medina
1652791,Medina
1653011,Medina
1653152,Medina
1653391,Medina
1653411,Medina
1653511,Medina
1653611,Medina
1653611,Medina
1653971,Pacho
1654031,Pacho
1654181,Pacho
1654341,Bogotá
1654361,Bogotá
1654401,Bogotá
1654401,Bogotá
1654401,Bogotá
1654651,Bogotá
1654771,Bogotá
1655431,Bogotá
1655681,Bogotá
1655743,Bogotá
1655841,Bogotá
1655841,Bogotá
1655871,Bogotá
1656051,Bogotá
1657371,Bogotá
1657981,Bogotá
1657991,Bogotá
1658071,Bogotá
1658471,Bogotá
1658521,Bogotá
1658701,Bogotá
1658821,Bogotá
1658831,Bogotá
1658891,Bogotá
1659001,Bogotá
1659181,Bogotá
1659911,Bogotá
1660061,Bogotá
1660821,Bogotá
1660971,Bogotá
1661251,Bogotá
1661541,Bogotá
1661871,Bogotá
1662131,Bogotá
1662421,Bogotá
1663121,Bogotá
1663171,Bogotá
1663181,Bogotá
1663381,Bogotá
1663971,Soacha
1664121,Soacha
1664331,Tausa
1664581,Tausa
1665001,Girardot
1665311,Girardot
1665441,Girardot
1665571,Gachancipá
1665571,Gachancipá
1666091,La mesa
1666871,Nemocon
1667101,Nemocon
1667141,Choconta
1667221,Choconta
1667361,Choconta
1667531,Choconta
1667771,La Calera
1668211,La Calera
1668291,La Calera
1668461,La Calera
1668731,La Calera
1668921,La Calera
1668981,La Calera
1669171,Sopo
1669551,Sopo
1669551,Sopo
1669991,Sopo
1670391,Subachoque
1670401,Subachoque
1670551,Subachoque
1670801,Subachoque
1671041,Tabio
1671491,Medellín
1671651,Medellín
1671701,Medellín
1673931,Tocancipá
1674591,Tocancipá
1674611,Tocancipá
1674711,Tocancipá
1674911,Tocancipá
1674911,Tocancipá
1675121,Caqueza
1675121,Caqueza
1675121,Caqueza
1675191,Caqueza
1675201,Caqueza
1675261,Caqueza
1675311,Pacho
1676171,Villa de san diego de ubate
1676371,Villa de san diego de ubate
1676961,Villa de san diego de ubate
1676991,Villa de san diego de ubate
1677201,Villa de san diego de ubate
1678211,Fusagasugá
1678381,Fusagasugá
1680281,Bogotá
1680731,Bogotá
1680881,Bogotá
1680961,Bogotá
1682561,Bogotá
1682711,Bogotá
1682771,Bogotá
1683141,Bogotá
1683451,Bogotá
1683821,Bogotá
1684091,Bogotá
1684261,Bogotá
1684411,Bogotá
1684761,Bogotá
1684841,Bogotá
1684981,Bogotá
1685341,Bogotá
1687161,Bogotá
1687181,Bogotá
1687881,Bogotá
1688401,Bogotá
1689411,Bogotá
1690011,Bogotá
1690471,Bogotá
1690591,Bogotá
1690621,Bogotá
1690671,Bogotá
1690771,Bogotá
1690881,Bogotá
1691141,Bogotá
1691271,Bogotá
1693012,Bogotá
1693041,Bogotá
1693241,Bogotá
1693771,Bogotá
1694101,Bogotá
1694662,Bogotá
1694681,Bogotá
1695091,Bogotá
1695801,Bogotá
1695901,Bogotá
1695901,Bogotá
1696001,Bogotá
1696041,Bogotá
1696181,Bogotá
1696411,Bogotá
1696571,Bogotá
1697061,Bogotá
1697181,Bogotá
1697181,Bogotá
1697821,Funza
1698561,Madrid
1698721,Madrid
1698721,Madrid
1698791,El Rosal
1698991,El Rosal
1699021,El Rosal
1699531,Mosquera
1699661,Mosquera
1699721,Mosquera
1699921,Mosquera
1699971,Mosquera
1700151,Mosquera
1700341,Mosquera
1700361,Mosquera
1700551,Mosquera
1700691,Guatavita
1700971,Guatavita
1701091,Guatavita
1701191,Guatavita
1702841,Bogotá
1703091,Bogotá
1704351,Bogotá
1704851,Bogotá
1704851,Bogotá
1705391,Bogotá
1705391,Bogotá
1705481,Bogotá
1705571,Bogotá
1705702,Bogotá
1706511,Bogotá
1706591,Bogotá
1706601,Bogotá
1706601,Bogotá
1707021,Bogotá
1707031,Bogotá
1707161,Bogotá
1707361,Bogotá
1707911,Bogotá
1708031,Bogotá
1708031,Bogotá
1708271,Bogotá
1708291,Bogotá
1708731,Bogotá
1709081,Bogotá
1709711,Bogotá
1709801,Bogotá
1710041,Bogotá
1710141,Bogotá
1710561,Bogotá
1710781,Bogotá
1711131,Bogotá
1712271,Bogotá
1712461,Bogotá
1712621,Bogotá
1712911,Bogotá
1712911,Bogotá
1713101,Tenjo
1713651,Tenjo
1713721,Tenjo
1713721,Tenjo
1713791,Tenjo
1713951,Tenjo
1714041,Tenjo
1714201,Facatativa
1714281,Facatativa
1714331,Guaduas
1714381,Guaduas
1714381,Guaduas
1714501,Cota
1714791,Medellín
1715001,Tocancipá
1715301,Tocancipá
1716111,Bogotá
1716191,Bogotá
1716441,Bogotá
1716491,Bogotá
1716631,Bogotá
1716761,Bogotá
1717051,Bogotá
1717341,Bogotá
1719131,Bogotá
1719591,Bogotá
1719641,Bogotá
1719641,Bogotá
1719641,Bogotá
1719661,Bogotá
1719981,Bogotá
1719991,Bogotá
1720081,Bogotá
1720491,Bogotá
1720551,Bogotá
1723021,Bogotá
1723251,Bogotá
1723311,Bogotá
1723411,Bogotá
1724191,Bogotá
1724451,Bogotá
1724611,Bogotá
1724651,Bogotá
1725061,Bogotá
1725311,Bogotá
1725891,Bogotá
1725941,Bogotá
1725981,Bogotá
1726091,Bogotá
1726131,Bogotá
1726491,Bogotá
1726621,Bogotá
1727041,Bogotá
1727051,Bogotá
1727211,Bogotá
1727591,Sesquile
1727601,Sesquile
1727801,Sesquile
1727801,Sesquile
1727801,Sesquile
1727801,Sesquile
1727901,Tausa
1728041,Tausa
1728301,Facatativa
1728592,Funza
1729101,Funza
1729101,Funza
1729311,Funza
1729311,Funza
1729971,Cota
1730011,Cota
1730251,Cota
1730251,Cota
1730251,Cota
1730351,Cota
1730351,Cota
1730401,Cota
1730441,Cota
1730461,Cota
1730571,Gacheta
1730981,Gacheta
1731621,Sopo
1732071,Mosquera
1732401,Mosquera
1732591,Mosquera
1732701,Mosquera
1732731,Mosquera
1733101,Mosquera
1733281,San Juan de rio seco
1733871,San Juan de rio seco
1734171,Medellín
1734231,Medellín
1734321,Tocancipá
1734361,Tocancipá
1734511,Tocancipá
1734551,Tocancipá
1734671,Caqueza
1734691,Caqueza
1734711,Caqueza
1734721,Caqueza
1734801,Caqueza
1734951,Zipaquirá
1735241,Zipaquirá
1735311,Zipaquirá
1736391,Bojacá
1736391,Bojacá
1736501,Bogotá
1736631,Bogotá
1737461,Bogotá
1737721,Bogotá
1737731,Bogotá
1737731,Bogotá
1737731,Bogotá
1737781,Bogotá
1737911,Bogotá
1737931,Bogotá
1738011,Bogotá
1738121,Bogotá
1738141,Bogotá
1738471,Bogotá
1738581,Bogotá
1739121,Bogotá
1739161,Bogotá
1739161,Bogotá
1739161,Bogotá
1739461,Bogotá
1739881,Bogotá
1740081,Bogotá
1740081,Bogotá
1740081,Bogotá
1740781,Bogotá
1741371,Bogotá
1742091,Bogotá
1742461,Bogotá
1745371,Funza
1745411,Funza
1745561,Funza
1745641,Funza
1745671,Funza
1745671,Funza
1745791,Funza
1745791,Funza
1745991,Sesquile
1746941,Soacha
1747001,Soacha
1747221,Tausa
1748101,Facatativa
1748131,Facatativa
1748261,Facatativa
1748511,Funza
1748661,Funza
1748661,Funza
1748921,Guaduas
1749021,Guaduas
1749021,Guaduas
1749501,Madrid
1749671,Choconta
1750261,Cota
1750281,Cota
1750291,Cota
1750401,El Rosal
1751051,El Rosal
1751501,Subachoque
1751511,Subachoque
1752061,Tabio
1752371,Guatavita
1752421,Guatavita
1752781,Guatavita
1752991,Guatavita
1753051,Guatavita
1753151,Guatavita
1754911,Bogotá
1755541,Bogotá
1755861,Bogotá
1756071,Bogotá
1756221,Bogotá
1756591,Bogotá
1756631,Bogotá
1756651,Bogotá
1757261,Bogotá
1758001,Nemocon
1758072,Cota
1782151,Bogotá
1782181,Bogotá
1782231,Bogotá
1782581,Bogotá
1782671,Bogotá
1782961,Bogotá
1782991,Bogotá
1783611,Bogotá
1783712,Bogotá
1783811,Bogotá
1783812,Bogotá
1784181,Bogotá
1784651,Bogotá
1784661,Bogotá
1784941,Bogotá
1784961,Bogotá
1784971,Bogotá
1785021,Bogotá
1785071,Bogotá
1785141,Bogotá
1785151,Bogotá
1785691,Girardot
1785691,Girardot
1785701,Girardot
1786271,Guaduas
1786401,Zipaquirá
1786481,Zipaquirá
1786731,Zipaquirá
1790251,Medina
1790271,Medina
1790271,Medina
1790311,Medina
1790462,Medina
1790491,Medina
1790571,Medina
1790591,Medina
1790591,Medina
1790821,Medina
1791011,Medina
1791011,Medina
1791121,Medina
1791241,Medina
1791271,Medina
1791381,Medina
1791481,Medina
1791681,Medina
1791981,Bogotá
1791981,Bogotá
1792011,Bogotá
1792401,Bogotá
1792401,Bogotá
1793101,Bogotá
1793181,Bogotá
1793331,Bogotá
1793501,Bogotá
1793631,Bogotá
1793921,Bogotá
1794341,Bogotá
1794341,Bogotá
1794621,Bogotá
1794621,Bogotá
1795091,Bogotá
1795411,Bogotá
1795421,Bogotá
1795551,Bogotá
1796251,Bogotá
1796881,Bogotá
1797111,Bogotá
1797941,Bogotá
1798311,Bogotá
1799061,Bogotá
1799111,Bogotá
1800321,Bogotá
1801001,Bogotá
1801081,Bogotá
1801081,Bogotá
1801791,Bogotá
1802211,Bogotá
1802751,Bogotá
1803041,Bogotá
1803291,Bogotá
1803561,Bogotá
1803871,Bogotá
1803921,Bogotá
1804311,Bogotá
1804311,Bogotá
1804391,Bogotá
1805481,Bogotá
1805581,Bogotá
1805611,Bogotá
1805801,Bogotá
1806811,Soacha
1806951,Soacha
1806971,Soacha
1807561,Facatativa
1808791,Guaduas
1809371,La mesa
1809501,La mesa
1809551,La mesa
1809611,Madrid
1809621,Madrid
1809811,Madrid
1809911,Madrid
1810301,Choconta
1810551,Choconta
1810551,Choconta
1810591,Choconta
1810931,Choconta
1811961,Sibaté
1812071,Sopo
1812471,Subachoque
1812651,Subachoque
1812871,Tabio
1813031,Tabio
1815181,Guatavita
1815371,Guatavita
1815531,Tocancipá
1815551,Tocancipá
1815631,Caqueza
1815721,Caqueza
1815821,Caqueza
1816221,Pacho
1816271,Pacho
1816431,Pacho
1816671,Pacho
1816821,Pacho
1816881,Pacho
1816921,Pacho
1816941,Pacho
1817061,Pacho
1817101,Pacho
1817331,Villa de san diego de ubate
1818521,Villa de san diego de ubate
1818581,Zipaquirá
1818741,Zipaquirá
1818781,Zipaquirá
1819241,Fusagasugá
1819331,Fusagasugá
1819561,Fusagasugá
1819561,Fusagasugá
1819651,Bogotá
1819801,Bogotá
1820191,Bogotá
1820441,Bogotá
1820761,Bogotá
1820821,Bogotá
1820841,Bogotá
1820941,Bogotá
1820941,Bogotá
1821741,Bogotá
1821991,Bogotá
1822021,Bogotá
1822351,Bogotá
1822541,Bogotá
1822961,Bogotá
1823161,Bogotá
1824011,Bogotá
1824081,Bogotá
1824181,Bogotá
1824701,Bogotá
1824891,Bogotá
1824901,Bogotá
1824951,Bogotá
1825621,Bogotá
1825701,Bogotá
1826461,Bogotá
1827121,Bogotá
1827781,Bogotá
1827981,Bogotá
1828251,Bogotá
1828601,Bogotá
1829281,Bogotá
1829371,Bogotá
1829851,Bogotá
1829871,Bogotá
1829981,Bogotá
1830031,Bogotá
1830131,Bogotá
1830141,Bogotá
1830181,Bogotá
1830621,Bogotá
1830891,Bogotá
1830961,Bogotá
1830971,Bogotá
1831741,Bogotá
1831771,Bogotá
1832121,Bogotá
1832201,Bogotá
1832491,Bogotá
1832921,Bogotá
1832921,Bogotá
1832921,Bogotá
1833321,Bogotá
1833821,Bogotá
1834171,Bogotá
1834331,Bogotá
1834521,Bogotá
1835421,Bogotá
1835621,Bogotá
1835661,Bogotá
1835691,Bogotá
1836021,Bogotá
1836091,Bogotá
1836321,Bogotá
1836351,Bogotá
1836551,Bogotá
1836831,Bogotá
1837011,Bogotá
1837421,Bogotá
1837941,Bogotá
1838051,Bogotá
1838061,Bogotá
1838061,Bogotá
1838061,Bogotá
1838411,Bogotá
1838451,Bogotá
1838491,Bogotá
1838791,Bogotá
1839721,Sesquile
1840341,Tausa
1840511,Tenjo
1841391,Funza
1841461,Gachancipá
1841751,Gachancipá
1841941,Cota
1842001,Cota
1842011,Cota
1842341,Cota
1842721,La Calera
1842951,La Calera
1843041,La Calera
1843231,La Calera
1843591,La Calera
1843791,La Calera
1843821,Sibaté
1843881,Sibaté
1843991,Sopo
1844801,Medellín
1844931,Medellín
1844961,Medellín
1845021,Medellín
1845031,Medellín
1845061,Medellín
1845201,Tocancipá
1845241,Tocancipá
1845751,Bojacá
1845801,Bojacá
1846941,Bogotá
1847201,Bogotá
1847361,Bogotá
1847761,Gacheta
1847871,Gacheta
1848191,Gacheta
1848191,Gacheta
1848541,Gacheta
1849061,San Juan de rio seco
1849341,Bogotá
1849561,Bogotá
1849701,Bogotá
1849931,Bogotá
1849981,Bogotá
1850011,Bogotá
1851161,Bogotá
1851831,Bogotá
1851951,Bogotá
1852661,Bogotá
1852661,Bogotá
1852751,Bogotá
1852961,Bogotá
1852991,Bogotá
1852991,Bogotá
1853021,Bogotá
1853101,Bogotá
1853301,Bogotá
1853361,Bogotá
1853631,Bogotá
1854031,Bogotá
1854131,Bogotá
1854301,Bogotá
1854391,Bogotá
1855161,Bogotá
1855571,Bogotá
1855611,Bogotá
1855611,Bogotá
1855611,Bogotá
1855641,Bogotá
1855641,Bogotá
1856151,Bogotá
1856342,Bogotá
1856342,Bogotá
1857861,Bogotá
1858411,Bogotá
1858411,Bogotá
1858411,Bogotá
1858712,Bogotá
1858811,Bogotá
1858832,Bogotá
1859002,Bogotá
1859101,Bogotá
1859102,Bogotá
1860641,Bogotá
1860641,Bogotá
1860641,Bogotá
1860651,Bogotá
1860781,Bogotá
1860861,Bogotá
1860891,Bogotá
1860921,Bogotá
1860951,Bogotá
1861041,Bogotá
1861231,Bogotá
1861331,Bogotá
1862021,Bogotá
1862551,Bogotá
1862701,Bogotá
1863281,Bogotá
1864021,Funza
1864071,Funza
1864641,Tocancipá
1864971,Zipaquirá
1865161,Zipaquirá
1865311,Zipaquirá
1866771,Gachancipá
1866821,Gachancipá
1866871,Gachancipá
1867051,Gachancipá
1867091,Gachancipá
1868041,Bogotá
1868081,Bogotá
1868361,Bogotá
1868401,Bogotá
1868581,Sesquile
1868941,Sesquile
1869131,Sesquile
1869551,Soacha
1869841,Soacha
1870601,Girardot
1870681,Girardot
1870831,Girardot
1871101,Guaduas
1871421,Choconta
1871521,Choconta
1871991,Choconta
1872031,Choconta
1872031,Choconta
1872401,Cota
1872481,El Rosal
1873361,Sibaté
1873431,Sibaté
1873821,Sutatausa
1874081,Sutatausa
1874131,Sutatausa
1874241,Sutatausa
1874371,Sutatausa
1874381,Sutatausa
1874541,Sutatausa
1874901,Guatavita
1874941,Guatavita
1875281,Caqueza
1901031,Bogotá
1901061,Bogotá
1901091,Bogotá
1901101,Bogotá
1901391,Bogotá
1901461,Bogotá
1901721,Bogotá
1901901,Bogotá
1901971,Bogotá
1902021,Bogotá
1902031,Bogotá
1902231,Bogotá
1902561,Bogotá
1903591,Bogotá
1903751,Bogotá
1904361,Bogotá
1905711,Bogotá
1907701,Funza
1908061,Guaduas
1908061,Guaduas
1908611,Guaduas
1909191,Sibaté
1909191,Sibaté
1910152,Subachoque
1910521,San Juan de rio seco
1910631,San Juan de rio seco
1910641,San Juan de rio seco
1911181,San Juan de rio seco
1911291,San Juan de rio seco
1911361,San Juan de rio seco
1911521,San Juan de rio seco
1911801,Medellín
1911831,Medellín
1911861,Medellín
1911891,Medellín
1911921,Medellín
1912071,Medellín
1912131,Medellín
1912131,Medellín
1913161,Bogotá
1913291,Bogotá
1913401,Bogotá
1913411,Bogotá
1938491,Bogotá
1939451,Bogotá
1939621,Bogotá
1939881,Bogotá
1939941,Bogotá
1939981,Bogotá
1940371,Bogotá
1940631,Bogotá
1940871,Bogotá
1940901,Bogotá
1941561,Bogotá
1941821,Bogotá
1942331,Bogotá
1942391,Bogotá
1942781,Bogotá
1942991,Bogotá
1943521,Bogotá
1943561,Bogotá
1943851,Bogotá
1943891,Bogotá
1943971,Bogotá
1944071,Bogotá
1944191,Bogotá
1944511,Bogotá
1944631,Bogotá
1944741,Bogotá
1944761,Bogotá
1944771,Bogotá
1944811,Bogotá
1946491,Bogotá
1946491,Bogotá
1946511,Bogotá
1947251,Bogotá
1947291,Bogotá
1947471,Facatativa
1948051,Sibaté
1948111,Sibaté
1948241,Sibaté
1948491,Sibaté
1949521,Medellín
1949611,Medellín
1950061,Pacho
1950061,Pacho
1950061,Pacho
1950291,Pacho
1950461,Pacho
1951001,Villa de san diego de ubate
1951071,Villa de san diego de ubate
1952931,Bogotá
1954471,Bogotá
1954551,Bogotá
1954911,Bogotá
1954911,Bogotá
1954921,Bogotá
1955091,Bogotá
1955401,Medina
1955481,Medina
1955551,Medina
1955601,Medina
1955631,Medina
1955731,Medina
1956281,Zipaquirá
1956281,Zipaquirá
1956471,Zipaquirá
1956681,Bogotá
1956711,Bogotá
1957381,Bogotá
1957481,Bogotá
1957781,Bogotá
1958111,Bogotá
1958291,Bogotá
1958491,Bogotá
1958561,Bogotá
1958741,Bogotá
1958781,Bogotá
1958951,Bogotá
1958961,Bogotá
1959811,Bogotá
1960101,Bogotá
1960211,Bogotá
1960311,Bogotá
1960791,Bogotá
1960891,Bogotá
1961751,Bogotá
1962461,Bogotá
1962721,Bogotá
1962871,Bogotá
1963101,Bogotá
1963551,Bogotá
1963661,Bogotá
1964031,Bogotá
1964061,Bogotá
1964321,Bogotá
1964951,Bogotá
1965041,Bogotá
1966901,Bogotá
1968261,Bogotá
1968341,Bogotá
1968631,Bogotá
1969331,Funza
1969861,Soacha
1971211,Gachancipá
1971351,La mesa
1971471,La mesa
1971571,La mesa
1971581,La mesa
1971931,Nemocon
1971991,Nemocon
1972351,Choconta
1972501,Choconta
1972721,Choconta
1973181,Gacheta
1973541,Gacheta
1973731,Gacheta
1973741,Gacheta
1973841,Gacheta
1974341,Sopo
1974511,Sopo
1974621,Subachoque
1974841,Subachoque
1974941,Subachoque
1975021,Tabio
1975371,Medellín
1975451,Medellín
1975451,Medellín
1975461,Medellín
1975491,Guatavita
1975581,Tocancipá
1975581,Tocancipá
1975591,Tocancipá
1975591,Tocancipá
1975851,Caqueza
1975871,Caqueza
1976171,Bogotá
1976221,Bogotá
2201441,Bogotá
2201601,Bogotá
2201751,Bogotá
2201881,Bogotá
2211011,Bogotá
2211021,Bogotá
2211041,Bogotá
2211091,Bogotá
2211091,Bogotá
2211191,Bogotá
2213901,Bogotá
2215891,Bogotá
2216121,Bogotá
2216211,Bogotá
2216241,Bogotá
2216411,Bogotá
2217001,Bogotá
2217891,Bogotá
2217901,Bogotá
2217911,Bogotá
2217921,Bogotá
2218091,Bogotá
2219261,Bogotá
2219381,Bogotá
2219451,Bogotá
2219981,Bogotá
2219981,Bogotá
2220381,Bogotá
2220631,Bogotá
2220821,Bogotá
2220941,Bogotá
2220991,Bogotá
2221062,Bogotá
2221131,Bogotá
2221211,Bogotá
2221231,Bogotá
2221241,Bogotá
2221321,Bogotá
2221711,Bogotá
2221711,Bogotá
2222411,Bogotá
2222461,Bogotá
2222551,Bogotá
2222581,Bogotá
2222581,Bogotá
2222831,Bogotá
2222861,Bogotá
2222911,Bogotá
2222971,Bogotá
2223141,Bogotá
2223593,Bogotá
2224161,Bogotá
2224171,Bogotá
2225291,Funza
2226971,Tenjo
2230331,Cota
2233571,Zipaquirá
2233791,Zipaquirá
2234081,Chía
2234081,Chía
2234081,Chía
2234741,Bogotá
2235911,Bogotá
2236231,Bogotá
2236791,Bogotá
2237001,Bogotá
2237351,Bogotá
2237671,Bogotá
2237731,Bogotá
2238031,Bogotá
2238321,Bogotá
2238541,Bogotá
2238881,Bogotá
2238911,Bogotá
2239801,Bogotá
2239911,Bogotá
2240391,Bogotá
2240531,Bogotá
2240601,Bogotá
2240631,Bogotá
2240991,Bogotá
2240991,Bogotá
2241001,Bogotá
2241021,Bogotá
2241051,Bogotá
2241241,Bogotá
2241961,Bogotá
2242131,Bogotá
2242221,Bogotá
2242701,Bogotá
2242841,Bogotá
2242961,Bogotá
2243001,Bogotá
2243221,Bogotá
2243851,Bogotá
2244211,Bogotá
2244271,Bogotá
2244351,Bogotá
2244451,Funza
2244541,Funza
2244881,Gachancipá
2245401,Nemocon
2245471,Nemocon
2245721,El Rosal
2245921,El Rosal
2245931,El Rosal
2245931,El Rosal
2246371,La Calera
2246391,La Calera
2246731,La Calera
2246881,La Calera
2247081,La Calera
2247081,La Calera
2247131,La Calera
2247471,Sibaté
2247651,Sopo
2247771,Sopo
2248021,Mosquera
2248071,Mosquera
2248641,Zipaquirá
2248891,Zipaquirá
2248901,Bojacá
2249511,Chía
2251131,Bogotá
2251211,Bogotá
2251221,Bogotá
2251231,Bogotá
2251391,Bogotá
2251441,Bogotá
2251951,Bogotá
2252341,Bogotá
2252511,Bogotá
2252511,Bogotá
2252581,Bogotá
2252621,Bogotá
2252631,Bogotá
2252701,Bogotá
2252991,Bogotá
2253351,Bogotá
2253631,Bogotá
2254871,Bogotá
2255161,Bogotá
2255391,Bogotá
2255621,Bogotá
2256121,Bogotá
2256281,Bogotá
2256521,Bogotá
2256621,Bogotá
2256641,Bogotá
2256641,Bogotá
2256911,Bogotá
2257551,Bogotá
2258151,Bogotá
2258191,Bogotá
2258301,Bogotá
2258431,Bogotá
2258861,Bogotá
2258861,Bogotá
2259111,Bogotá
2259661,Bogotá
2259911,Bogotá
2260131,Bogotá
2261081,Funza
2261171,Funza
2261751,Gachancipá
2261851,Gachancipá
2261851,Gachancipá
2261891,Madrid
2262051,Madrid
2262361,Madrid
2262391,Madrid
2262461,Madrid
2262511,Madrid
2262841,Madrid
2263041,La Calera
2264621,Guatavita
2264731,Guatavita
2265891,Caqueza
2265931,Caqueza
2266361,Pacho
2268711,Bojacá
2268841,Bojacá
2268851,Bojacá
2269011,Chía
2270091,Cota
2270171,Cota
2270171,Cota
2270171,Cota
2270461,Cota
2271191,Cota
2271201,Cota
2272211,Bogotá
2272591,Bogotá
2272601,Bogotá
2272781,Bogotá
2273181,Bogotá
2273231,Bogotá
2273431,Bogotá
2273841,Bogotá
2274141,Bogotá
2274261,Bogotá
2274281,Bogotá
2274821,Bogotá
2275061,Bogotá
2275241,Bogotá
2275341,Bogotá
2275941,Bogotá
2276311,Bogotá
2276321,Bogotá
2276431,Bogotá
2276441,Bogotá
2276651,Bogotá
2276701,Bogotá
2277131,Bogotá
2277311,Bogotá
2277351,Bogotá
2277531,Bogotá
2277531,Bogotá
2277851,Bogotá
2279801,Bogotá
2279951,Bogotá
2280051,Bogotá
2280761,Bogotá
2281191,Bogotá
2281191,Bogotá
2281801,Bogotá
2282261,Bogotá
2282601,Bogotá
2283371,Bogotá
2283491,Bogotá
2284231,Bogotá
2284231,Bogotá
2284311,Bogotá
2284501,Bogotá
2284761,Bogotá
2284861,Bogotá
2285101,Bogotá
2285131,Bogotá
2285331,Funza
2285451,Sesquile
2285601,Sesquile
2287291,Soacha
2287781,Facatativa
2288631,Nemocon
2288631,Nemocon
2288731,Nemocon
2288841,Choconta
2289251,Choconta
2289981,Mosquera
2290011,Mosquera
2290031,Mosquera
2290321,Mosquera
2290571,Mosquera
2290821,Mosquera
2290821,Mosquera
2291021,Mosquera
2291031,Mosquera
2291691,Tocancipá
2292401,Zipaquirá
2292491,Zipaquirá
2292501,Bogotá
2293781,Bogotá
2293951,Bogotá
2295011,Bogotá
2295151,Bogotá
2295211,Bogotá
2296241,Bogotá
2296881,Bogotá
2297111,Bogotá
2297221,Bogotá
2297511,Bogotá
2298281,Bogotá
2298491,Bogotá
2298551,Bogotá
2298561,Bogotá
2298691,Bogotá
2299721,Bogotá
2299801,Bogotá
2299961,Bogotá
2299991,Bogotá
2300731,Bogotá
2301061,Bogotá
2301391,Bogotá
2301421,Bogotá
2301451,Bogotá
2301501,Bogotá
2301551,Bogotá
2301631,Bogotá
2302791,Bogotá
2302841,Bogotá
2303361,Bogotá
2304231,Bogotá
2304571,Bogotá
2304571,Bogotá
2304641,Bogotá
2304711,Bogotá
2305451,Bogotá
2307051,Bogotá
2307081,Bogotá
2309931,Bogotá
2310251,Bogotá
2310551,Bogotá
2310701,Facatativa
2310911,Facatativa
2311621,Guaduas
2311781,Guaduas
2311881,Guaduas
2312681,Cota
2312781,Cota
2312981,Cota
2313351,Sibaté
2313461,Sibaté
2313461,Sibaté
2313571,Sibaté
2313581,Sibaté
2313811,Sibaté
2314101,Sibaté
2314481,Subachoque
2316141,San Juan de rio seco
2316461,San Juan de rio seco
2316862,Guatavita
2316862,Guatavita
2317031,Zipaquirá
2317141,Zipaquirá
2317421,Zipaquirá
2317961,Fusagasugá
2318421,Bojacá
2318481,Bojacá
2318481,Bojacá
2319551,Bogotá
2319581,Bogotá
2319931,Guaduas
2320031,Cota
2320721,Bogotá
2320991,Bogotá
2321301,Bogotá
2321311,Bogotá
2321371,Bogotá
2321891,Bogotá
2321911,Bogotá
2322291,Bogotá
2322301,Bogotá
2322321,Bogotá
2322361,Bogotá
2322741,Bogotá
2322851,Bogotá
2322971,Bogotá
2324171,Bogotá
2324271,Bogotá
2324321,Bogotá
2324421,Bogotá
2324431,Bogotá
2324831,Bogotá
2324971,Sesquile
2324971,Sesquile
2324971,Sesquile
2324971,Sesquile
2325101,Tausa
2326081,Bogotá
2326241,Bogotá
2327531,Bogotá
2327601,Bogotá
2327621,Bogotá
2327641,Bogotá
2327651,Bogotá
2327751,Bogotá
2327761,Bogotá
2327811,Bogotá
2328501,Funza
2328601,Funza
2328631,Funza
2328681,Funza
2329021,Girardot
2329551,Sopo
2329681,Bogotá
2329771,Bogotá
2329791,Bogotá
2332311,Bogotá
2334131,Bogotá
2335931,Bogotá
2336021,Bogotá
2336021,Bogotá
2336091,Bogotá
2336101,Bogotá
2336111,Bogotá
2336301,Bogotá
2336311,Bogotá
2336331,Bogotá
2336381,Bogotá
2336381,Bogotá
2336471,Bogotá
2336671,Bogotá
2336671,Bogotá
2337671,Bogotá
2337801,Bogotá
2337871,Bogotá
2337951,Bogotá
2338581,Bogotá
2339701,Bogotá
2340021,Bogotá
2340171,Bogotá
2340531,Bogotá
2341451,Nemocon
2342641,El Rosal
2342711,El Rosal
2343541,Tabio
2343951,Tocancipá
2343951,Tocancipá
2343951,Tocancipá
2344561,Tocancipá
2344731,Caqueza
2345351,Villeta
2345351,Villeta
2346481,Villeta
2346741,Villeta
2346751,Villeta
2346971,Chía
2346971,Chía
2346971,Chía
2347951,Bogotá
2348161,Bogotá
2348361,Bogotá
2348541,Bogotá
2348911,Bogotá
2349961,Bogotá
2350351,Bogotá
2350351,Bogotá
2350541,Funza
2351031,Bogotá
2351431,Bogotá
2352001,Bogotá
2352741,Bogotá
2352851,Bogotá
2353101,Bogotá
2353351,Bogotá
2353421,Bogotá
2353751,Bogotá
2353791,Bogotá
2354041,Bogotá
2354041,Bogotá
2354061,Bogotá
2354081,Bogotá
2354721,Bogotá
2355531,Bogotá
2356021,Bogotá
2356772,Bogotá
2356841,Bogotá
2356841,Bogotá
2356851,Bogotá
2357171,Bogotá
2357331,Bogotá
2358391,Bogotá
2358871,Bogotá
2358961,Bogotá
2359421,Bogotá
2359681,Bogotá
2359721,Bogotá
2360091,Bogotá
2360381,Bogotá
2361311,Bogotá
2361571,Bogotá
2361981,Bogotá
2362001,Bogotá
2363661,Bogotá
2363661,Bogotá
2363791,Bogotá
2363881,Bogotá
2363991,Bogotá
2364411,Bogotá
2364741,Bogotá
2364881,Bogotá
2365021,Bogotá
2365071,Bogotá
2365231,Bogotá
2366011,Bogotá
2366391,Bogotá
2366431,Bogotá
2366441,Bogotá
2366761,Bogotá
2367101,Bogotá
2367121,Bogotá
2367211,Bogotá
2367271,Bogotá
2367621,Bogotá
2367671,Bogotá
2367701,Bogotá
2367781,Bogotá
2367891,Bogotá
2367902,Bogotá
2368071,Bogotá
2368101,Bogotá
2368531,Bogotá
2369581,Bogotá
2369921,Bogotá
2369981,Bogotá
2370071,Bogotá
2370081,Bogotá
2370271,Bogotá
2370291,Bogotá
2371331,Bogotá
2371441,Bogotá
2371561,Bogotá
2371631,Bogotá
2373011,Bogotá
2373041,Bogotá
2373101,Bogotá
2375711,Bogotá
2375751,Bogotá
2375881,Bogotá
2378581,Soacha
2379111,Tenjo
2381421,Cota
2381441,Cota
2381491,Cota
2381561,Cota
2382021,Cota
2382191,Subachoque
2383791,Medina
2384071,Medina
2384111,Medina
2386271,San Juan de rio seco
2387321,San Juan de rio seco
2387591,San Juan de rio seco
2387771,Sutatausa
2387771,Sutatausa
2387861,Sutatausa
2388161,Sutatausa
2388312,Sutatausa
2388371,Sutatausa
2388801,Sutatausa
2389091,Medellín
2389391,Medellín
2389561,Medellín
2389601,Medellín
2389601,Medellín
2390022,Medellín
2390031,Medellín
2390031,Medellín
2390131,Medellín
2390141,Medellín
2390161,Medellín
2390291,Guatavita
2390441,Guatavita
2390591,Guatavita
2390601,Guatavita
2391321,Pacho
2391331,Pacho
2391351,Pacho
2391571,Pacho
2391911,Pacho
2392041,Pacho
2392191,Pacho
2392291,Pacho
2392371,Pacho
2392381,Pacho
2392471,Pacho
2392541,Pacho
2394101,Villa de san diego de ubate
2394431,Fusagasugá
2394811,Chía
2396941,Bogotá
2397551,Bogotá
2398651,Bogotá
2398931,Bogotá
2399261,Bogotá
2402261,Bogotá
2403411,Bogotá
2403691,Bogotá
2403951,Bogotá
2403951,Bogotá
2404021,Bogotá
2406681,Gachancipá
2406781,Gachancipá
2406841,Gachancipá
2408761,Guaduas
2408801,Guaduas
2408801,Guaduas
2408831,Guaduas
2409091,Gacheta
2409281,Gacheta
2409361,Gacheta
2409501,Sopo
2409681,Sopo
2409951,Mosquera
2410331,Mosquera
2410331,Mosquera
2412401,Villeta
2413941,Bogotá
2413961,Bogotá
2414361,Bogotá
2414591,Bogotá
2415551,Sutatausa
2415631,Guatavita
2415671,Caqueza
2433531,Bogotá
2433701,Bogotá
2433701,Bogotá
2434431,Bogotá
2436172,Bogotá
2436261,Bogotá
2436271,Bogotá
2436451,Bogotá
2436661,Bogotá
2437051,Bogotá
2437511,Bogotá
2437531,Bogotá
2437541,Bogotá
2437571,Bogotá
2437701,Bogotá
2437951,Bogotá
2438541,Bogotá
2438711,Bogotá
2438771,Bogotá
2438851,Bogotá
2439041,Bogotá
2439041,Bogotá
2439521,Bogotá
2439651,Bogotá
2439881,Bogotá
2439891,Bogotá
2440331,Bogotá
2440441,Bogotá
2442791,Facatativa
2447691,La mesa
2447711,La mesa
2447821,La mesa
2447961,La mesa
2448141,La mesa
2448271,La mesa
2448282,La mesa
2448371,La mesa
2448411,La mesa
2448561,La mesa
2449291,Madrid
2450181,Madrid
2451851,Sibaté
2454201,Pacho
2454651,Fusagasugá
2455311,Fusagasugá
2455311,Fusagasugá
2455831,Bojacá
2456481,Bogotá
2458561,Bogotá
2458981,Bogotá
2459131,Bogotá
2459131,Bogotá
2459411,Bogotá
2459421,Bogotá
2459731,Bogotá
2459821,Bogotá
2460571,Bogotá
2460571,Bogotá
2460921,Sibaté
2461481,Subachoque
2461811,Villeta
2463201,Bogotá
2463221,Bogotá
2463491,Bogotá
2479951,Bogotá
2480121,Bogotá
2480241,Bogotá
2480261,Bogotá
2480361,Bogotá
2480401,Bogotá
2480771,Bogotá
2480771,Bogotá
2481171,Bogotá
2481251,Bogotá
2481261,Bogotá
2481301,Bogotá
2481371,Bogotá
2481431,Bogotá
2481431,Bogotá
2482241,Bogotá
2483321,Bogotá
2484351,Bogotá
2485251,Bogotá
2485291,Bogotá
2485451,Bogotá
2485461,Bogotá
2485731,Bogotá
2485821,Bogotá
2486301,Bogotá
2486301,Bogotá
2486331,Bogotá
2487341,Bogotá
2487531,Bogotá
2488401,Bogotá
2488571,Bogotá
2488581,Bogotá
2488731,Bogotá
2488981,Bogotá
2489061,Bogotá
2489561,Bogotá
2489901,Bogotá
2490111,Bogotá
2490371,Bogotá
2491191,Bogotá
2491341,Bogotá
2492371,Bogotá
2492621,Bogotá
2492801,Bogotá
2492811,Bogotá
2492811,Bogotá
2493761,Bogotá
2493841,Bogotá
2493861,Bogotá
2493861,Bogotá
2494231,Bogotá
2494301,Bogotá
2494311,Bogotá
2494761,Bogotá
2495621,Bogotá
2496551,Nemocon
2496561,Nemocon
2496821,Nemocon
2496921,Nemocon
2496951,Nemocon
2497341,Sibaté
2498931,Zipaquirá
2499031,Zipaquirá
2499141,Zipaquirá
2499191,Zipaquirá
2499551,Fusagasugá
2499671,Fusagasugá
2500301,Chía
2500301,Chía
2502701,Bogotá
2502701,Bogotá
2502711,Bogotá
2502741,Bogotá
2502811,Bogotá
2503051,Bogotá
2503201,Bogotá
2503481,Bogotá
2503481,Bogotá
2503491,Bogotá
2503571,Bogotá
2504071,Bogotá
2504561,Bogotá
2505181,Bogotá
2505291,Bogotá
2506371,Bogotá
2506441,Bogotá
2506941,Bogotá
2506961,Bogotá
2506961,Bogotá
2507201,Bogotá
2507311,Bogotá
2507461,Bogotá
2507471,Bogotá
2507571,Bogotá
2507611,Bogotá
2509781,Sesquile
2509851,Sesquile
2509901,Sesquile
2509901,Sesquile
2510031,Sesquile
2510481,Sesquile
2511561,Medina
2512011,Mosquera
2512251,Mosquera
2512351,Mosquera
2513461,Bogotá
2513501,Bogotá
2513541,Bogotá
2514241,Bogotá
2514431,Bogotá
2514861,Bogotá
2514861,Bogotá
2515111,Bogotá
2515221,Bogotá
2515571,Bogotá
2515911,Bogotá
2516351,Bogotá
2516761,Bogotá
2517841,Bogotá
2518281,Bogotá
2518341,Bogotá
2518671,Bogotá
2518791,Bogotá
2519801,Bogotá
2519801,Bogotá
2523391,Bogotá
2523551,Bogotá
2523571,Bogotá
2524141,Bogotá
2524251,Bogotá
2524261,Bogotá
2524341,Bogotá
2525451,Bogotá
2526641,Bogotá
2526791,Bogotá
2526861,Bogotá
2527261,Bogotá
2527561,Bogotá
2527701,Bogotá
2528061,Bogotá
2528471,Bogotá
2528721,Bogotá
2528741,Bogotá
2529491,Bogotá
2529991,Bogotá
2530201,Bogotá
2530581,Bogotá
2530711,Bogotá
2530801,Bogotá
2530881,Bogotá
2532221,Bogotá
2532541,Bogotá
2532651,Bogotá
2532861,Bogotá
2533021,Bogotá
2533081,Bogotá
2534671,Bogotá
2534671,Bogotá
2534811,Bogotá
2535901,Bogotá
2536161,Bogotá
2536161,Bogotá
2536451,Bogotá
2536461,Bogotá
2537321,Fusagasugá
2537321,Fusagasugá
2537931,Bojacá
2538171,Bogotá
2538171,Bogotá
2538411,Bogotá
2539641,Bogotá
2540151,Bogotá
2540171,Bogotá
2540221,Bogotá
2540221,Bogotá
2540821,Bogotá
2540821,Bogotá
2541591,Bogotá
2542681,Bogotá
2542721,Bogotá
2542731,Bogotá
2542801,Bogotá
2542821,Bogotá
2543521,Soacha
2543521,Soacha
2544521,Choconta
2546441,Gacheta
2546921,Gacheta
2547351,Sibaté
2548261,Pacho
2548491,Pacho
2548741,Pacho
2548741,Pacho
2550571,Bogotá
2551101,Bogotá
2551901,Bogotá
2552071,Bogotá
2552321,Bogotá
2552331,Bogotá
2552971,Bogotá
2553581,Bogotá
2553581,Bogotá
2554071,Bogotá
2555131,Nemocon
2555351,Nemocon
2555421,Nemocon
2555421,Nemocon
2555611,Funza
2555611,Funza
2555711,Funza
2555741,Funza
2555881,Funza
2556112,Funza
2556451,Bogotá
2556621,Bogotá
2556681,Bogotá
2557161,Bogotá
2557311,Bogotá
2557471,Bogotá
2557951,Bogotá
2559181,Bogotá
2559211,Bogotá
2560381,Bogotá
2560631,Bogotá
2560941,Bogotá
2561031,Bogotá
2561411,Bogotá
2561541,Bogotá
2561541,Bogotá
2562571,Bogotá
2563221,Bogotá
2563221,Bogotá
2565561,Bogotá
2565641,Bogotá
2566461,Bogotá
2566591,Bogotá
2567581,Bogotá
2569821,Bogotá
2570261,Bogotá
2570271,Bogotá
2570271,Bogotá
2570521,Bogotá
2571151,Bogotá
2571391,Bogotá
2572301,Funza
2573131,La mesa
2573521,Sibaté
2573521,Sibaté
2573521,Sibaté
2573671,Tocancipá
2578601,Zipaquirá
2579031,Cota
2579241,Cota
2579281,Cota
2579381,Bogotá
2579521,Bogotá
2579521,Bogotá
2579781,Bogotá
2580161,Bogotá
2581091,Bogotá
2581091,Bogotá
2581431,Bogotá
2581591,Bogotá
2582201,Bogotá
2582851,Bogotá
2583121,Bogotá
2583241,Bogotá
2583481,Bogotá
2583741,Bogotá
2584111,Bogotá
2584631,La mesa
2584631,La mesa
2586171,Sibaté
2586391,Sibaté
2588641,Bogotá
2588881,Bogotá
2589721,Bogotá
2590041,Bogotá
2591051,Bogotá
2591511,Bogotá
2591631,Bogotá
2592981,Bogotá
2593021,Bogotá
2593041,Bogotá
2593481,Bogotá
2593631,Bogotá
2593941,Bogotá
2594071,Bogotá
2594631,Bogotá
2594761,Bogotá
2594781,Bogotá
2594871,Bogotá
2595051,Bogotá
2595651,Bogotá
2595711,Bogotá
2595711,Bogotá
2595751,Bogotá
2596081,Tenjo
2596471,Choconta
2597621,Sibaté
2598191,Guatavita
2598281,Guatavita
2599401,Guatavita
2601611,Bogotá
2601651,Bogotá
2602571,Bogotá
2602921,Bogotá
2603671,Bogotá
2604061,Bogotá
2604371,Bogotá
2604441,Bogotá
2605291,Bogotá
2606241,Bogotá
2606831,Bogotá
2606921,Gachancipá
2607221,Cota
2607311,Cota
2607461,Cota
2607491,Cota
2607521,Cota
2607531,Cota
2607581,Cota
2607871,Cota
2607881,Cota
2607891,Cota
2608051,Cota
2608081,Mosquera
2608171,Mosquera
2608431,Mosquera
2608451,Mosquera
2608761,Mosquera
2609561,Medellín
2609591,Medellín
2609621,Medellín
2609661,Guatavita
2609721,Guatavita
2611611,Bogotá
2611721,Bogotá
2611721,Bogotá
2611931,Bogotá
2614941,Bogotá
2615591,Bogotá
2616041,Bogotá
2616401,Bogotá
2617611,Funza
2617841,Funza
2617911,Funza
2617921,Funza
2619211,La mesa
2620261,Madrid
2620261,Madrid
2620841,Madrid
2621211,El Rosal
2621991,Pacho
2622071,Pacho
2622231,Pacho
2622961,Bogotá
2623671,Bogotá
2624291,Bogotá
2624331,Bogotá
2624461,Bogotá
2624681,Bogotá
2626831,Bogotá
2628281,Bogotá
2628381,Bogotá
2628551,Bogotá
2628601,Bogotá
2630721,Bogotá
2630851,Bogotá
2630851,Bogotá
2630851,Bogotá
2631051,Bogotá
2631171,Bogotá
2631211,Bogotá
2631251,Bogotá
2631401,Bogotá
2632141,Bogotá
2632301,Bogotá
2632881,Bogotá
2633311,Nemocon
2633841,Chía
2633851,Chía
2633852,Chía
2634921,La mesa
2653101,Bogotá
2653441,Bogotá
2654251,Bogotá
2654521,Bogotá
2655611,Bogotá
2655881,Bogotá
2656331,Bogotá
2656551,Bogotá
2658231,Bogotá
2658341,Bogotá
2658551,Bogotá
2659061,Bogotá
2659291,Bogotá
2659501,Bogotá
2660551,Bogotá
2660621,Bogotá
2661111,Bogotá
2663461,Bogotá
2663621,Bogotá
2664011,Bogotá
2664781,Bogotá
2665351,Bogotá
2665491,Bogotá
2666291,Bogotá
2666391,Bogotá
2667001,Bogotá
2669301,Choconta
2670261,La Calera
2670771,La Calera
2670891,La Calera
2671901,Tocancipá
2672201,Zipaquirá
2672711,Bogotá
2673121,Bogotá
2673141,Bogotá
2673161,Bogotá
2673231,Bogotá
2673231,Bogotá
2673471,Bogotá
2673501,Bogotá
2673671,Bogotá
2673671,Bogotá
2673781,Bogotá
2674261,Bogotá
2674791,Bogotá
2675371,Cota
2675381,Cota
2675621,Cota
2675621,Cota
2675761,Cota
2676131,Sibaté
2676131,Sibaté
2676341,Sibaté
2676341,Sibaté
2676781,Mosquera
2676781,Mosquera
2677751,Chía
2679471,El Rosal
2679541,El Rosal
2684331,Bogotá
2684611,Bogotá
2684851,Bogotá
2684871,Bogotá
2684921,Bogotá
2684941,Bogotá
2685351,Bogotá
2685381,Bogotá
2685741,Bogotá
2685931,Bogotá
2685991,Bogotá
2686231,Bogotá
2686601,Bogotá
2687951,Pacho
2687961,Pacho
2710721,Bogotá
2714571,Bogotá
2725431,La Calera
2725561,La Calera
2726182,Medellín
2727291,Zipaquirá
2728241,Bogotá
2728911,Bogotá
2729641,Bogotá
2730291,Bogotá
2730391,Bogotá
2730391,Bogotá
2730461,Bogotá
2730521,Bogotá
2730541,Bogotá
2731151,Bogotá
2731211,Bogotá
2731621,Bogotá
2731741,Bogotá
2731961,Bogotá
2732101,Bogotá
2733081,Cota
2733091,Cota
2733091,Cota
2733271,Sibaté
2733761,Sibaté
2735721,Bojacá
2736581,Bojacá
2737481,Bogotá
2737771,Bogotá
2739431,Medellín
2739681,Medellín
2739701,Medellín
2739711,Medellín
2740251,Chía
2740341,Bogotá
2741241,Bogotá
2741301,Bogotá
2741381,Bogotá
2741401,Bogotá
2741411,Bogotá
2742241,Bogotá
2742521,Bogotá
2744531,Bogotá
2744881,Bogotá
2745631,Bogotá
2745631,Bogotá
2745781,Bogotá
2745841,Bogotá
2745851,Bogotá
2746211,Bogotá
2747121,Bogotá
2747211,Bogotá
2747531,Bogotá
2747581,Bogotá
2748581,Bogotá
2748671,Bogotá
2748701,Bogotá
2749001,Bogotá
2749141,Bogotá
2749271,Bogotá
2749761,Bogotá
2750641,Bogotá
2750661,Bogotá
2750711,Bogotá
2750721,Bogotá
2751331,Bogotá
2751391,Bogotá
2752081,Bogotá
2753582,Bogotá
2753621,Bogotá
2753651,Bogotá
2753941,Bogotá
2754451,Bogotá
2754491,Bogotá
2754541,Bogotá
2754541,Bogotá
2755441,Bogotá
2756791,Bogotá
2756811,Bogotá
2756811,Bogotá
2756881,Bogotá
2756961,Bogotá
2757371,Bogotá
2760002,Choconta
2760041,Choconta
2760261,Cota
2760371,Cota
2761141,El Rosal
2762251,Medellín
2762561,Medellín
2762901,Medellín
2762911,Medellín
2765991,Bogotá
2766261,Bogotá
2766611,Bogotá
2766871,Bogotá
2766871,Bogotá
2768841,Bogotá
2768931,Bogotá
2773121,Mosquera
2774091,Zipaquirá
2774091,Zipaquirá
2774281,Zipaquirá
2774841,Bogotá
2775831,Bogotá
2775891,Bogotá
2776561,Bogotá
2776961,Bogotá
2776961,Bogotá
2777191,Bogotá
2777301,Bogotá
2777301,Bogotá
2777371,Bogotá
2777391,Bogotá
2777711,Bogotá
2778111,Bogotá
2778111,Bogotá
2778151,Bogotá
2778221,Bogotá
2778581,Bogotá
2779631,Bogotá
2780191,Bogotá
2782051,Bogotá
2782501,Bogotá
2783051,Bogotá
2784411,Bogotá
2784441,Bogotá
2785191,Bogotá
2785891,Bogotá
2787041,Bogotá
2787141,Bogotá
2787891,Bogotá
2789451,La mesa
2790901,Madrid
2791421,Cota
2791621,Zipaquirá
2792491,Bogotá
2792891,Bogotá
2793661,Bogotá
2794541,Bogotá
2795071,Bogotá
2795161,Bogotá
2795411,Bogotá
2795491,Bogotá
2795561,Bogotá
2795601,Bogotá
2796111,Bogotá
2796361,La Calera
2796931,Bogotá
2796931,Bogotá
2799351,Bogotá
2799531,Bogotá
2799581,Bogotá
2800361,Bogotá
2800361,Bogotá
2800601,Bogotá
2803011,Pacho
2803301,Bogotá
2804341,Bogotá
2804671,Bogotá
2804711,Bogotá
2804711,Bogotá
2805211,Bogotá
2805771,Bogotá
2807861,Bogotá
2808311,Bogotá
2808511,Bogotá
2809881,Bogotá
2809981,Bogotá
2811851,Bogotá
2812121,Bogotá
2812381,Bogotá
2812411,Bogotá
2812411,Bogotá
2812861,Bogotá
2812931,Bogotá
2813331,Bogotá
2814571,Bogotá
2814981,Bogotá
2815781,Bogotá
2817071,Bogotá
2817121,Bogotá
2817261,Bogotá
2817371,Bogotá
2817651,Bogotá
2817651,Bogotá
2817991,Bogotá
2818501,Sesquile
2819721,Madrid
2820901,La mesa
2821231,Madrid
2822121,El Rosal
2822631,La Calera
2822671,La Calera
2822751,La Calera
2822751,La Calera
2822751,La Calera
2822761,La Calera
2823081,La Calera
2823331,La Calera
2823351,La Calera
2823461,La Calera
2823801,La Calera
2823801,La Calera
2823871,La Calera
2825331,Medellín
2825621,Medellín
2827121,Fusagasugá
2828081,Bojacá
2829031,Chía
2829031,Chía
2829391,Chía
2829991,Bogotá
2831101,Bogotá
2831421,Bogotá
2831511,Bogotá
2831561,Bogotá
2832671,Bogotá
2832681,Bogotá
2833211,Bogotá
2833611,Bogotá
2833611,Bogotá
2833681,Bogotá
2834131,Bogotá
2835371,Bogotá
2835621,Bogotá
2835791,Bogotá
2836101,Bogotá
2836301,Bogotá
2836361,Bogotá
2836641,Bogotá
2837561,Bogotá
2837561,Bogotá
2837921,Bogotá
2838191,Bogotá
2838701,Bogotá
2839361,Bogotá
2839631,Bogotá
2839871,Bogotá
2840321,Bogotá
2840441,Bogotá
2840501,Bogotá
2841231,Bogotá
2841381,Bogotá
2841761,Bogotá
2843451,Medellín
2843721,Medellín
2843861,Medellín
2844971,Chía
2860351,Tocancipá
2860391,Tocancipá
2860781,Bogotá
2860951,Bogotá
2861471,Bogotá
2866581,Bogotá
2866991,Bogotá
2867111,Bogotá
2868251,Bogotá
2868451,Bogotá
2868901,Bogotá
2870281,Bogotá
2870621,Bogotá
2870621,Bogotá
2871173,Bogotá
2871591,Bogotá
2871751,Bogotá
2872481,Bogotá
2873891,Bogotá
2875671,El Rosal
2878401,Bogotá
2882781,Bogotá
2889981,La mesa
2893861,Bogotá
2894111,Bogotá
2894171,Bogotá
2894791,Bogotá
2895351,Bogotá
2895591,Bogotá
2896751,Bogotá
2897001,Bogotá
2897001,Bogotá
2897001,Bogotá
2897031,Bogotá
2897081,Bogotá
2898151,Bogotá
2898481,Bogotá
2899031,Bogotá
2899061,Bogotá
2899231,Bogotá
2900271,Bogotá
2902701,Bogotá
2903871,Bogotá
2904411,Bogotá
2904471,Bogotá
2904481,Bogotá
2904511,Bogotá
2905131,Bogotá
2906421,Bogotá
2906521,Bogotá
2906561,Bogotá
2907541,Bogotá
2907601,Bogotá
2907601,Bogotá
2907631,Bogotá
2908121,Bogotá
2911221,Bogotá
2911941,Bogotá
2912351,Bogotá
2912831,Bogotá
2913161,Bogotá
2913721,Bogotá
2924661,Guatavita
2927801,Fusagasugá
2927811,Fusagasugá
2927861,Fusagasugá
2928101,Fusagasugá
2928871,Chía
2928911,Chía
2929191,Chía
2929231,Chía
2929681,Bogotá
2930381,Bogotá
2930411,Bogotá
2930441,Bogotá
2930471,Bogotá
2930471,Bogotá
2931431,Bogotá
2931511,Bogotá
2931791,Bogotá
2931961,Bogotá
2932001,Bogotá
2932011,Bogotá
2932131,Bogotá
2932201,Bogotá
2933151,Bogotá
2934271,Bogotá
2934301,Bogotá
2935711,Bogotá
2935761,Bogotá
2937501,Bogotá
2937761,Bogotá
2938121,Bogotá
2938381,Bogotá
2938421,Bogotá
2938421,Bogotá
2938431,Bogotá
2940371,Bogotá
2940521,Bogotá
2940911,Bogotá
2941291,Bogotá
2941331,Bogotá
2941491,Bogotá
2941571,Bogotá
2941691,Bogotá
2941741,Bogotá
2942871,Bogotá
2943031,Bogotá
2943981,Bogotá
2946431,Bogotá
2946922,Bogotá
2947681,Bogotá
2948041,Bogotá
2948901,Bogotá
2950521,Bogotá
2950901,Bogotá
2952281,Bogotá
2954511,Bogotá
2954851,Bogotá
2957441,Bogotá
2958401,Bogotá
2958681,Bogotá
2959031,Bogotá
2959121,Bogotá
2959221,Bogotá
2959291,Bogotá
2959321,Bogotá
2959321,Bogotá
2960081,Bogotá
2961251,Bogotá
2961591,Bogotá
2961871,Bogotá
2963001,Zipaquirá
2963611,Zipaquirá
2964311,Chía
2965551,Bogotá
2969191,Bogotá
2969711,Bogotá
2969761,Bogotá
2969811,Bogotá
2972011,Bogotá
2972351,Bogotá
2972781,Bogotá
2973081,Bogotá
2973341,Bogotá
2973521,Bogotá
2974751,Bogotá
2974871,Bogotá
2974871,Bogotá
2974971,Bogotá
2975041,Bogotá
2981321,Bogotá
2986861,Chía
2986881,Chía
2991741,Bogotá
2991911,Bogotá
2991911,Bogotá
2992231,Bogotá
2992501,Bogotá
2992502,Bogotá
2992571,Bogotá
2992751,Bogotá
2992781,Bogotá
2992981,Bogotá
2993371,Bogotá
2993511,Bogotá
2993771,Bogotá
2994081,Bogotá
2994471,Bogotá
3008901,Bogotá
3009091,Bogotá
3011721,Bogotá
3011731,Bogotá
3012051,Bogotá
3016291,Bogotá
3017751,Bogotá
3017801,Bogotá
3018441,Bogotá
3028611,Bogotá
3028611,Bogotá
3029021,Bogotá
3029211,Bogotá
3029251,Bogotá
3029521,Bogotá
3030071,Bogotá
3030081,Bogotá
3030271,Bogotá
3031631,Bogotá
3031771,Bogotá
3032151,Bogotá
3041081,Bogotá
3041101,Bogotá
3041141,Bogotá
3043831,Bogotá
3044041,Bogotá
3044451,Bogotá
3044471,Bogotá
3045271,Bogotá
3045791,Bogotá
3046201,Bogotá
3046541,Bogotá
3046931,Bogotá
3047621,Bogotá
3050621,Bogotá
3050721,Bogotá
3052811,El Rosal
3054481,Bogotá
3056191,Bogotá
3057321,Bogotá
3057791,Bogotá
3058671,Bogotá
3059471,Bogotá
3059691,Bogotá
3059791,Bogotá
3062531,Bogotá
3063021,Bogotá
3063091,Bogotá
3063521,Bogotá
3065641,Chía
3071961,Bogotá
3073651,Bogotá
3076741,Fusagasugá
3078331,Bogotá
3146521,Bogotá
3146891,Bogotá
3147181,Bogotá
3147211,Bogotá
3147281,Bogotá
3147281,Bogotá
3147511,Bogotá
3148291,Fusagasugá
3148501,Fusagasugá
3150241,Bogotá
3150351,Bogotá
3150411,Bogotá
3152461,Bogotá
3152571,Bogotá
3156211,Bogotá
3156211,Bogotá
3156501,Bogotá
3159311,Bogotá
3160431,Bogotá
3161011,Bogotá
3161091,Bogotá
3162301,Bogotá
3164681,Bogotá
3166381,Bogotá
3166451,Bogotá
3170001,Bogotá
3170821,Bogotá
3172311,Bogotá
3172401,Bogotá
3172441,Bogotá
3172441,Bogotá
3173681,Bogotá
3174831,Bogotá
3175301,Bogotá
3175361,Bogotá
3175511,Bogotá
3176111,Bogotá
3176161,Bogotá
3178251,Bogotá
3178251,Bogotá
3178251,Bogotá
3178251,Bogotá
10000011,Bogotá
10000041,Bogotá
10000331,Bogotá
10000401,Bogotá
10000411,Bogotá
10000551,Bogotá
10000621,Bogotá
10000901,Bogotá
10000931,Bogotá
10000931,Bogotá
10001231,Bogotá
10001541,Bogotá
10001631,Bogotá
10001711,Bogotá
10001711,Bogotá
10001791,Bogotá
10001931,Bogotá
10002411,Bogotá
10002691,Bogotá
10002771,Bogotá
10002881,Bogotá
10002891,Bogotá
10002981,Bogotá
10003011,Bogotá
10003261,Bogotá
10003311,Bogotá
10004071,Bogotá
10004151,Bogotá
10004201,Bogotá
10004401,Bogotá
10004441,Bogotá
10004461,Bogotá
10004521,Bogotá
10004671,Bogotá
10005171,Bogotá
10005501,Bogotá
10005501,Bogotá
10005501,Bogotá
10005911,Bogotá
10005921,Bogotá
10006021,Bogotá
10006191,Bogotá
10006701,Bogotá
10006831,Bogotá
10007101,Bogotá
10007161,Bogotá
10007361,Bogotá
10007501,Bogotá
10007621,Bogotá
10007721,Bogotá
10007741,Bogotá
10008441,Bogotá
10008451,Bogotá
10008471,Bogotá
10008581,Bogotá
10008701,Bogotá
10008961,Bogotá
10008961,Bogotá
10008981,Bogotá
10008991,Bogotá
10009021,Bogotá
10009071,Bogotá
10009091,Bogotá
10009221,Bogotá
10009221,Bogotá
10009331,Bogotá
10009331,Bogotá
10009611,Bogotá
10009681,Bogotá
10009691,Bogotá
10009951,Bogotá
10010241,Bogotá
10010301,Bogotá
10010541,Bogotá
10010671,Bogotá
10010701,Bogotá
10010861,Bogotá
10011421,Bogotá
10011551,Bogotá
10011581,Bogotá
10011731,Bogotá
10011741,Bogotá
10011851,Bogotá
10011861,Bogotá
10011871,Bogotá
10012001,Bogotá
10012171,Bogotá
10012171,Bogotá
10012381,Bogotá
10012441,Bogotá
10012551,Bogotá
10012741,Bogotá
10013031,Bogotá
10013051,Bogotá
10013331,Bogotá
10013341,Bogotá
10013701,Bogotá
10013711,Bogotá
10014271,Bogotá
10014511,Bogotá
10014691,Bogotá
10014701,Bogotá
10014731,Bogotá
10015001,Bogotá
10015391,Bogotá
10015411,Bogotá
10015631,Bogotá
10015911,Bogotá
10015931,Bogotá
10015981,Bogotá
10015981,Bogotá
10015981,Bogotá
10015981,Bogotá
10016211,Bogotá
10016421,Bogotá
10016421,Bogotá
10016471,Bogotá
10016961,Bogotá
10017311,Bogotá
10017391,Bogotá
10017391,Bogotá
10017391,Bogotá
10017411,Bogotá
10017421,Bogotá
10017481,Bogotá
10017661,Bogotá
10017801,Bogotá
10020401,Bogotá
10020451,Bogotá
10020561,Bogotá
10020621,Bogotá
10020701,Bogotá
10020811,Bogotá
10021441,Bogotá
10021621,Bogotá
10022151,Bogotá
10022201,Bogotá
10022281,Bogotá
10022301,Bogotá
10022311,Bogotá
10022341,Bogotá
10022351,Bogotá
10022381,Bogotá
10022391,Bogotá
10022421,Bogotá
10022851,Bogotá
10023241,Bogotá
10023481,Bogotá
10023511,Bogotá
10023761,Bogotá
10023761,Bogotá
10023761,Bogotá
10023851,Bogotá
10023901,Bogotá
10023991,Bogotá
10024041,Bogotá
10024681,Bogotá
10024681,Bogotá
10024691,Bogotá
10025401,Bogotá
10025531,Bogotá
10025741,Bogotá
10026081,Bogotá
10026181,Bogotá
10029541,Bogotá
10029561,Bogotá
10029591,Bogotá
10029711,Bogotá
10029771,Bogotá
10029951,Bogotá
10029991,Bogotá
10030181,Bogotá
10030601,Bogotá
10030631,Bogotá
10030731,Bogotá
10030961,Bogotá
10031051,Bogotá
10031091,Bogotá
10031131,Bogotá
10031151,Bogotá
10031151,Bogotá
10031881,Bogotá
10031901,Bogotá
10031911,Bogotá
10031981,Bogotá
10032141,Bogotá
10032141,Bogotá
10032171,Bogotá
10032351,Bogotá
10032371,Bogotá
10032371,Bogotá
10032441,Bogotá
10032451,Bogotá
10032451,Bogotá
10032571,Bogotá
10032581,Bogotá
10032611,Bogotá
10032631,Bogotá
10032711,Bogotá
10032731,Bogotá
10032861,Bogotá
10032941,Bogotá
10032981,Bogotá
10032981,Bogotá
10033191,Bogotá
10033291,Bogotá
10033661,Bogotá
10033731,Bogotá
10033741,Bogotá
10034171,Bogotá
10034351,Bogotá
10034541,Bogotá
10034591,Bogotá
10034611,Bogotá
10034791,Bogotá
10034921,Bogotá
10034921,Bogotá
10034951,Bogotá
10034951,Bogotá
10035061,Bogotá
10035291,Bogotá
10035341,Bogotá
10035531,Bogotá
10035571,Bogotá
10035941,Bogotá
10036141,Bogotá
10036151,Bogotá
10036321,Bogotá
10036322,Bogotá
10036441,Bogotá
10036631,Bogotá
10036681,Bogotá
10036741,Bogotá
10036981,Bogotá
10037441,Bogotá
10037561,Bogotá
10037651,Bogotá
10037961,Bogotá
10037961,Bogotá
10038131,Bogotá
10038181,Bogotá
10038251,Bogotá
10038301,Bogotá
10038361,Bogotá
10038361,Bogotá
10038491,Bogotá
10038781,Bogotá
10038871,Bogotá
10038931,Bogotá
10039111,Bogotá
10039361,Bogotá
10039691,Bogotá
10039781,Bogotá
10039851,Bogotá
10039901,Bogotá
10040061,Bogotá
10040221,Bogotá
10040491,Bogotá
10040501,Bogotá
10040571,Bogotá
10040741,Bogotá
10040841,Bogotá
10040861,Bogotá
10041151,Bogotá
10041281,Bogotá
10041281,Bogotá
10041341,Bogotá
10041381,Bogotá
10041521,Bogotá
10041541,Bogotá
10041811,Bogotá
10041881,Bogotá
10041991,Bogotá
10042831,Bogotá
10042841,Bogotá
10042851,Bogotá
10043051,Bogotá
10043181,Bogotá
10043241,Bogotá
10043241,Bogotá
10043281,Bogotá
10043311,Bogotá
10043721,Bogotá
10043841,Bogotá
10043861,Bogotá
10043971,Bogotá
10044181,Bogotá
10044201,Bogotá
10044211,Bogotá
10044221,Bogotá
10044351,Bogotá
10044431,Bogotá
10044471,Bogotá
10044881,Bogotá
10044931,Bogotá
10044971,Bogotá
10045011,Bogotá
10046981,Bogotá
10047011,Bogotá
10047051,Bogotá
10047271,Bogotá
10047481,Bogotá
10047531,Bogotá
10047601,Bogotá
10047641,Bogotá
10047681,Bogotá
10048241,Bogotá
10048351,Bogotá
10048391,Bogotá
10048401,Bogotá
10048401,Bogotá
10048441,Bogotá
10048521,Bogotá
10048531,Bogotá
10048571,Bogotá
10048681,Bogotá
10048701,Bogotá
10048781,Bogotá
10048811,Bogotá
10048851,Bogotá
10049171,Bogotá
10049261,Bogotá
10049291,Bogotá
10049291,Bogotá
10049351,Bogotá
10049361,Bogotá
10049381,Bogotá
10049451,Bogotá
10049561,Bogotá
10049601,Bogotá
10049671,Bogotá
10049791,Bogotá
10049791,Bogotá
10050011,Bogotá
10050261,Bogotá
10050341,Bogotá
10050471,Bogotá
10050471,Bogotá
10050651,Bogotá
10050651,Bogotá
10050841,Bogotá
10051071,Bogotá
10051071,Bogotá
10051071,Bogotá
10051071,Bogotá
10051151,Bogotá
10051231,Bogotá
10051641,Bogotá
10051911,Bogotá
10051981,Bogotá
10052171,Bogotá
10052281,Bogotá
10052511,Bogotá
10052621,Bogotá
10052841,Bogotá
10052881,Bogotá
10052921,Bogotá
10053021,Bogotá
10053021,Bogotá
10053031,Bogotá
10053051,Bogotá
10053051,Bogotá
10053091,Bogotá
10053361,Bogotá
10053461,Bogotá
10053781,Bogotá
10054041,Bogotá
10054051,Bogotá
10054101,Bogotá
10054101,Bogotá
10054251,Bogotá
10054301,Bogotá
10054411,Bogotá
10054591,Bogotá
10054691,Bogotá
10054911,Bogotá
10054951,Bogotá
10055031,Bogotá
10055041,Bogotá
10055041,Bogotá
10055091,Bogotá
10055201,Bogotá
10055221,Bogotá
10055551,Bogotá
10055991,Bogotá
10056061,Bogotá
10056361,Bogotá
10056691,Bogotá
10056961,Bogotá
10057001,Bogotá
10057011,Bogotá
10100841,Bogotá
10101331,Bogotá
10102671,Bogotá
10102801,Bogotá
10102901,Bogotá
10102961,Bogotá
10103381,Bogotá
10104851,Bogotá
10104931,Bogotá
10104991,Bogotá
10105681,Bogotá
10106191,Bogotá
10106341,Bogotá
10106481,Bogotá
10106771,Bogotá
10107191,Bogotá
10107651,Bogotá
10108761,Bogotá
10117251,Bogotá
10117311,Bogotá
10126761,Bogotá
10126991,Bogotá
10127211,Bogotá
10127311,Bogotá
10127961,Bogotá
10132851,Bogotá
10132961,Bogotá
10133421,Bogotá
10133421,Bogotá
10134631,Bogotá
10134841,Cota
10134871,Tabio
10135001,El Rosal
10135611,Cota
10136121,Funza
10136241,Cota
10136371,Chía
10136411,Chía
10136441,Chía
10136441,Chía
10136501,Facatativa
10136581,Facatativa
10136641,El Rosal
10136731,Cota
10136731,Cota
10136781,Cota
10136991,La Calera
10137301,La Calera
10137471,Mosquera
10137501,Tenjo
10137591,Chía
10137671,Chía
10137711,Chía
10137761,Soacha
10138761,Medellín
10139071,Subachoque
10139561,Soacha
10139691,Bojacá
10140471,Bojacá
10140591,Bojacá
10140641,Sibaté
10140781,Funza
10140791,Funza
10140811,Funza
10141041,Zipaquirá
10141171,La Calera
10141171,La Calera
10141721,Fusagasugá
10141901,Facatativa
10142201,Medellín
10142211,Medellín
10142621,Medellín
10151721,Mosquera
10151721,Mosquera
10152091,Facatativa
10152351,Zipaquirá
10152651,Madrid
10152721,Chía
10152731,Chía
10152741,Chía
10152911,Soacha
10153371,Facatativa
10153601,Mosquera
10153631,Fusagasugá
10153701,Fusagasugá
10153851,Mosquera
10156241,Cota
10156581,Cota
10158271,Facatativa
10158991,Bogotá
10159131,Bogotá
10159221,Bogotá
10160031,Bogotá
10160241,Bogotá
10160831,Bogotá
10160861,Bogotá
10160921,Bogotá
10161011,Bogotá
10161021,Bogotá
10161311,Bogotá
10161321,Bogotá
10161771,Bogotá
10162131,Bogotá
10162151,Bogotá
10162151,Bogotá
10162161,Bogotá
10162171,Bogotá
10162171,Bogotá
10162281,Bogotá
10162281,Bogotá
10162351,Bogotá
10162391,Bogotá
10162461,Bogotá
10162631,Bogotá
10162671,Bogotá
10162951,Bogotá
10163181,Bogotá
10164131,Bogotá
10164741,Bogotá
10164881,Bogotá
10164911,Bogotá
10165381,Bogotá
10165571,Bogotá
10165631,Bogotá
10166311,Bogotá
10167001,Bogotá
10167021,Bogotá
10167181,Bogotá
10167181,Bogotá
10167181,Bogotá
10167201,Bogotá
10167201,Bogotá
10167291,Bogotá
10167311,Bogotá
10167341,Bogotá
10167401,Bogotá
10167541,Bogotá
10167571,Bogotá
10167631,Bogotá
10167921,Bogotá
10167951,Bogotá
10168131,Bogotá
10168131,Bogotá
10168131,Bogotá
10168801,Bogotá
10169201,Bogotá
10169581,Bogotá
10169601,Bogotá
10169831,Bogotá
10169831,Bogotá
10169901,Bogotá
10170101,Bogotá
10170151,Bogotá
10170351,Bogotá
10170401,Bogotá
10170441,Bogotá
10170481,Bogotá
10170521,Bogotá
10171021,Bogotá
10171391,Bogotá
10171711,Bogotá
10171741,Bogotá
10171841,Bogotá
10172011,Bogotá
10172021,Bogotá
10172031,Bogotá
10172091,Bogotá
10172401,Bogotá
10172521,Bogotá
10172781,Bogotá
10172851,Bogotá
10172861,Bogotá
10172981,Bogotá
10173161,Bogotá
10173191,Bogotá
10173191,Bogotá
10173331,Bogotá
10173861,Bogotá
10173861,Bogotá
10173871,Bogotá
10173941,Bogotá
10174121,Bogotá
10174451,Bogotá
10174551,Bogotá
10174731,Bogotá
10174781,Bogotá
10174881,Bogotá
10174881,Bogotá
10174891,Bogotá
10174971,Bogotá
10175191,Bogotá
10175361,Bogotá
10175531,Bogotá
10175561,Bogotá
10175581,Bogotá
10175751,Bogotá
10175891,Bogotá
10175901,Bogotá
10176171,Bogotá
10176171,Bogotá
10176181,Bogotá
10176181,Bogotá
10176381,Bogotá
10176391,Bogotá
10176411,Bogotá
10176431,Bogotá
10176491,Bogotá
10176491,Bogotá
10176761,Bogotá
10177241,Bogotá
10177261,Bogotá
10177671,Bogotá
10177811,Bogotá
10178121,Bogotá
10178161,Bogotá
10178161,Bogotá
10178361,Bogotá
10178591,Bogotá
10178721,Bogotá
10178771,Bogotá
10178831,Bogotá
10178971,Bogotá
10179071,Bogotá
10179321,Bogotá
10179321,Bogotá
10179341,Bogotá
10179371,Bogotá
10179411,Bogotá
10179721,Bogotá
10179731,Bogotá
10179741,Bogotá
10179741,Bogotá
10179781,Bogotá
10179851,Bogotá
10179901,Bogotá
10180351,Bogotá
10180561,Bogotá
10180661,Bogotá
10180681,Bogotá
10180781,Bogotá
10180861,Bogotá
10181071,Bogotá
10181301,Bogotá
10181621,Bogotá
10181711,Bogotá
10181711,Bogotá
10182071,Bogotá
10182211,Bogotá
10182211,Bogotá
10183271,Bogotá
10183311,Bogotá
10183511,Bogotá
10184011,Bogotá
10184011,Bogotá
10184181,Bogotá
10184211,Bogotá
10184531,Bogotá
10184811,Bogotá
10184821,Bogotá
10184871,Bogotá
10185041,Bogotá
10185091,Bogotá
10185391,Bogotá
10185431,Bogotá
10185761,Bogotá
10185771,Bogotá
10185791,Bogotá
10186181,Bogotá
10186231,Bogotá
10186261,Bogotá
10186271,Bogotá
10186281,Bogotá
10186361,Bogotá
10186571,Bogotá
10187431,Bogotá
10188571,Bogotá
10189061,Bogotá
10189061,Bogotá
10189231,Bogotá
10190161,Bogotá
10190181,Bogotá
10190181,Bogotá
10190261,Bogotá
10190511,Bogotá
10190511,Bogotá
10190831,Bogotá
10191371,Bogotá
10191371,Bogotá
10191681,Bogotá
10191911,Bogotá
10191981,Bogotá
10192251,Bogotá
10192541,Bogotá
10192591,Bogotá
10232431,Bogotá
10232601,Bogotá
10232771,Bogotá
10232942,Bogotá
10232991,Bogotá
10233241,Bogotá
10233241,Bogotá
10233241,Bogotá
10233431,Bogotá
10233971,Bogotá
10233981,Bogotá
10234031,Bogotá
10234151,Bogotá
10234491,Bogotá
10234491,Bogotá
10234911,Bogotá
10235261,Bogotá
10235451,Bogotá
10235471,Bogotá
10236291,Bogotá
10236371,Bogotá
10236541,Bogotá
10236551,Bogotá
10236571,Bogotá
10237021,Bogotá
10237091,Bogotá
10237471,Bogotá
10239261,Bogotá
10239261,Bogotá
10239421,Bogotá
10239471,Bogotá
10239481,Bogotá
10239781,Bogotá
10240061,Bogotá
10240321,Bogotá
10240341,Bogotá
10240381,Bogotá
10240381,Bogotá
10240391,Bogotá
10240401,Bogotá
10240541,Bogotá
10240711,Bogotá
10240771,Bogotá
10240811,Bogotá
10241071,Bogotá
10241191,Bogotá
10241211,Bogotá
10241421,Bogotá
10241451,Bogotá
10241751,Bogotá
10241761,Bogotá
10241761,Bogotá
10241771,Bogotá
10242121,Bogotá
10242501,Bogotá
10242551,Bogotá
10242771,Bogotá
10242781,Bogotá
10242781,Bogotá
10242781,Bogotá
10242781,Bogotá
10242891,Bogotá
10242901,Bogotá
10242921,Bogotá
10251221,Bogotá
10251311,Bogotá
10251581,Bogotá
10251751,Bogotá
10251831,Bogotá
10251981,Bogotá
10252031,Bogotá
10252091,Bogotá
10252231,Bogotá
10252331,Bogotá
10252581,Bogotá
10252631,Bogotá
10252851,Bogotá
10252921,Bogotá
10252951,Bogotá
10252961,Bogotá
10253091,Bogotá
10253101,Bogotá
10253451,Bogotá
10253521,Bogotá
10253561,Bogotá
10253631,Bogotá
10253671,Bogotá
10253751,Bogotá
10253941,Bogotá
10253991,Bogotá
10258031,Bogotá
10258161,Bogotá
10258211,Bogotá
10258241,Bogotá
10258401,Bogotá
10258441,Bogotá
10258631,Bogotá
10258721,Bogotá
10258811,Bogotá
10258941,Bogotá
10259041,Bogotá
10259191,Bogotá
10259231,Bogotá
10259461,Bogotá
10259651,Bogotá
10259921,Bogotá
10259921,Bogotá
10260091,Bogotá
10260131,Bogotá
10260131,Bogotá
10260361,Bogotá
10260491,Bogotá
10260581,Bogotá
10260721,Bogotá
10260821,Bogotá
10262151,Bogotá
10262821,Bogotá
10263151,Bogotá
10263871,Bogotá
10263871,Bogotá
10263871,Bogotá
10263871,Bogotá
10264071,Bogotá
10264141,Bogotá
10264301,Bogotá
10264651,Bogotá
10264861,Mosquera
10264861,Mosquera
10265261,Facatativa
10265291,Madrid
10265341,Madrid
10265341,Madrid
10265381,Soacha
10265471,Fusagasugá
10265751,Mosquera
10265771,Cota
10265781,Cota
10265991,Chía
10266051,Soacha
10266111,El Rosal
10266181,Facatativa
10266261,Soacha
10266661,Cota
10266661,Cota
10266671,Soacha
10266731,La Calera
10266881,Bojacá
10267091,Cota
10267161,El Rosal
10267361,Bojacá
10267361,Bojacá
10267481,Funza
10267631,Funza
10267821,Funza
10268111,Bojacá
10268191,Madrid
10268211,Madrid
10268231,Madrid
10268231,Madrid
10268621,Cota
10268961,Sopo
10269021,Sopo
10269031,Sopo
10269191,Tabio
10269351,Fusagasugá
10269901,Fusagasugá
10270241,Sopo
10270351,Sopo
10270381,Sibaté
10270811,Funza
10271931,La Calera
10271981,Fusagasugá
10272021,Facatativa
10272031,Mosquera
10272041,Mosquera
10272051,Mosquera
10272051,Mosquera
10272101,Tabio
10272341,Fusagasugá
10272351,Fusagasugá
10272621,Medellín
10272631,Tocancipá
10272651,Tocancipá
10272711,Medellín
10272731,Medellín
10272761,Medellín
10273081,Mosquera
10273081,Mosquera
10273341,Soacha
10273641,Tabio
10274171,Funza
10274251,Soacha
10274361,Zipaquirá
10274671,Zipaquirá
10275811,Funza
10275971,Mosquera
10276081,Funza
10276201,Funza
10276231,Funza
10276321,Funza
10276671,Sopo
10276721,Fusagasugá
10276761,Facatativa
10276891,Facatativa
10277361,Tabio
10277531,Madrid
10277601,La Calera
10278861,Facatativa
10278871,Mosquera
10278871,Mosquera
10279671,Medellín
10279721,Medellín
10281061,Sibaté
10281561,Cota
10281711,Chía
10281721,Chía
10281791,Chía
10281851,Cota
10281911,Facatativa
10282011,Tenjo
10282061,Fusagasugá
10282071,Fusagasugá
10282161,Cota
10282231,Cota
10282341,Cota
10282381,Cota
10282401,Cota
10282401,Cota
10282401,Cota
10282611,El Rosal
10282711,Chía
10282971,Bojacá
10283141,Fusagasugá
10283231,Cota
10283311,Mosquera
10283311,Mosquera
10283401,Chía
10283401,Chía
10283481,Chía
10283551,La Calera
10283811,Chía
10284561,Facatativa
10284581,Facatativa
10284681,Tabio
10284821,Madrid
10284981,Madrid
10286151,Bogotá
10286181,Bogotá
10286441,Bogotá
10286591,Bogotá
10286602,Bogotá
10286731,Bogotá
10286851,Bogotá
10286851,Bogotá
10287131,Bogotá
10287131,Bogotá
10287161,Bogotá
10287431,Bogotá
10287531,Bogotá
10288011,Bogotá
10288321,Bogotá
10288321,Bogotá
10288871,Bogotá
10289151,Bogotá
10289281,Bogotá
10289331,Bogotá
10289811,Bogotá
10290441,Bogotá
10290561,Bogotá
10290571,Bogotá
10290591,Bogotá
10290591,Bogotá
10290771,Bogotá
10290781,Bogotá
10290781,Bogotá
10290811,Bogotá
10290871,Bogotá
10290951,Bogotá
10290971,Bogotá
10291431,Bogotá
10291621,Bogotá
10291851,Bogotá
10291981,Bogotá
10292041,Bogotá
10292131,Bogotá
10292161,Bogotá
10292251,Bogotá
10292251,Bogotá
10292481,Bogotá
10292661,Bogotá
10292811,Bogotá
10292851,Bogotá
10292881,Bogotá
10293061,Bogotá
10293371,Bogotá
10293401,Bogotá
10293691,Bogotá
10293741,Bogotá
10293741,Bogotá
10293861,Bogotá
10293901,Bogotá
10294181,Bogotá
10294211,Bogotá
10294231,Bogotá
10294241,Bogotá
10294601,Bogotá
10294761,Bogotá
10294901,Bogotá
10294921,Bogotá
10294971,Bogotá
10295171,Bogotá
10295661,Bogotá
10295891,Bogotá
10295901,Bogotá
10295901,Bogotá
10295981,Bogotá
10296001,Bogotá
10296021,Bogotá
10296081,Bogotá
10296361,Bogotá
10296771,Bogotá
10296791,Bogotá
10297051,Bogotá
10297211,Bogotá
10297231,Bogotá
10297231,Bogotá
10297361,Bogotá
10297431,Bogotá
10297601,Bogotá
10297712,Bogotá
10297951,Bogotá
10298481,Bogotá
10298521,Bogotá
10298671,Bogotá
10298831,Bogotá
10298841,Bogotá
10298881,Bogotá
10298931,Bogotá
10298931,Bogotá
10298981,Bogotá
10298981,Bogotá
10299091,Bogotá
10299091,Bogotá
10299131,Bogotá
10299571,Bogotá
10299781,Bogotá
10299881,Bogotá
10299881,Bogotá
10300261,Bogotá
10300501,Bogotá
10300661,Bogotá
10300691,Bogotá
10300751,Bogotá
10301021,Bogotá
10301021,Bogotá
10301051,Bogotá
10301061,Bogotá
10301061,Bogotá
10301091,Bogotá
10301281,Bogotá
10301331,Bogotá
10301341,Bogotá
10301351,Bogotá
10301441,Bogotá
10301961,Bogotá
10302021,Bogotá
10302391,Bogotá
10302581,Bogotá
10302811,Bogotá
10302951,Bogotá
10303011,Bogotá
10303011,Bogotá
10303041,Bogotá
10303171,Bogotá
10303181,Bogotá
10303991,Bogotá
10304151,Bogotá
10304351,Bogotá
10304871,Bogotá
10305011,Bogotá
10305111,Bogotá
10308131,Bogotá
10308511,Bogotá
10308671,Bogotá
10308941,Bogotá
10309211,Bogotá
10309221,Bogotá
10309431,Bogotá
10309461,Bogotá
10309731,Bogotá
10309761,Bogotá
10309811,Bogotá
10310111,Bogotá
10310181,Bogotá
10310341,Bogotá
10310491,Bogotá
10310571,Bogotá
10310751,Bogotá
10311021,Bogotá
10311071,Bogotá
10311091,Bogotá
10311411,Bogotá
10311411,Bogotá
10311421,Bogotá
10311681,Bogotá
10311841,Bogotá
10311851,Bogotá
10311851,Bogotá
10311851,Bogotá
10311951,Bogotá
10312221,Bogotá
10312251,Bogotá
10312311,Bogotá
10312401,Bogotá
10312511,Bogotá
10312541,Bogotá
10312681,Bogotá
10312691,Bogotá
10312701,Bogotá
10313121,Bogotá
10313361,Bogotá
10313661,Bogotá
10313781,Bogotá
10313791,Bogotá
10313791,Bogotá
10314181,Bogotá
10314381,Bogotá
10314601,Bogotá
10314611,Bogotá
10314731,Bogotá
10314731,Bogotá
10314841,Bogotá
10317091,Bogotá
10317101,Bogotá
10317371,Bogotá
10317501,Bogotá
10317841,Bogotá
10318281,Bogotá
10318351,Bogotá
10318501,Bogotá
10318541,Bogotá
10318601,Bogotá
10318661,Bogotá
10318771,Bogotá
10319121,Bogotá
10319191,Bogotá
10319191,Bogotá
10319201,Bogotá
10319221,Bogotá
10319771,Bogotá
10319891,Bogotá
10320391,Bogotá
10320681,Bogotá
10321101,Bogotá
10321131,Bogotá
10321331,Bogotá
10321341,Bogotá
10321381,Bogotá
10321721,Bogotá
10321731,Bogotá
10321731,Bogotá
10321731,Bogotá
10321771,Bogotá
10321771,Bogotá
10321781,Bogotá
10323401,Bogotá
10323501,Bogotá
10323541,Bogotá
10323571,Bogotá
10323621,Bogotá
10323711,Bogotá
10323821,Bogotá
10323981,Bogotá
10323991,Bogotá
10324001,Bogotá
10324041,Bogotá
10324191,Bogotá
10324251,Bogotá
10324361,Bogotá
10324371,Bogotá
10324721,Bogotá
10324761,Bogotá
10324791,Bogotá
10324791,Bogotá
10324851,Bogotá
10324931,Bogotá
10324981,Bogotá
10324991,Bogotá
10325021,Bogotá
10325021,Bogotá
10325051,Bogotá
10325141,Bogotá
10325161,Bogotá
10325301,Bogotá
10325501,Bogotá
10325701,Bogotá
10325711,Bogotá
10325861,Bogotá
10325881,Bogotá
10325961,Bogotá
10326061,Bogotá
10326111,Bogotá
10326351,Bogotá
10326391,Bogotá
10326671,Bogotá
10326971,Bogotá
10327081,Bogotá
10327151,Bogotá
10327161,Bogotá
10327401,Bogotá
10327521,Bogotá
10327611,Bogotá
10327721,Bogotá
10327771,Bogotá
10327781,Bogotá
10327801,Bogotá
10328241,Bogotá
10328381,Bogotá
10328551,Bogotá
10328621,Bogotá
10328691,Bogotá
10328781,Bogotá
10328861,Bogotá
10328881,Bogotá
10329051,Bogotá
10329061,Bogotá
10329071,Bogotá
10329201,Bogotá
10329271,Bogotá
10329461,Bogotá
10329501,Bogotá
10329691,Bogotá
10329911,Bogotá
10330021,Bogotá
10330031,Bogotá
10330041,Bogotá
10330151,Bogotá
10330241,Bogotá
10330271,Bogotá
10330291,Bogotá
10330361,Bogotá
10330381,Bogotá
10330441,Bogotá
10330611,Bogotá
10330681,Bogotá
10330691,Bogotá
10330921,Bogotá
10331031,Bogotá
10331041,Bogotá
10331151,Bogotá
10331241,Bogotá
10331301,Bogotá
10331651,Bogotá
10331671,Bogotá
10331851,Bogotá
10331941,Bogotá
10332051,Bogotá
10336221,Bogotá
10336311,Bogotá
10336361,Bogotá
10336811,Bogotá
10336821,Bogotá
10336841,Bogotá
10336911,Bogotá
10337621,Bogotá
10337781,Bogotá
10337781,Bogotá
10337951,Bogotá
10338081,Bogotá
10338441,Bogotá
10338531,Bogotá
10338571,Bogotá
10338571,Bogotá
10338661,Bogotá
10338691,Bogotá
10339411,Bogotá
10339541,Bogotá
10339611,Bogotá
10339761,Bogotá
10339871,Bogotá
10339881,Bogotá
10340171,Bogotá
10340401,Bogotá
10340841,Bogotá
10340881,Bogotá
10341131,Bogotá
10341151,Bogotá
10341471,Bogotá
10341581,Bogotá
10341671,Bogotá
10341841,Bogotá
10341891,Bogotá
10342071,Bogotá
10342121,Bogotá
10342281,Bogotá
10342391,Bogotá
10342461,Bogotá
10342791,Bogotá
10342981,Bogotá
10346281,Bogotá
10346681,Bogotá
10346971,Bogotá
10346991,Bogotá
10347001,Bogotá
10347091,Bogotá
10347181,Bogotá
10347401,Bogotá
10347821,Bogotá
10348201,Bogotá
10348261,Bogotá
10348271,Bogotá
10348271,Bogotá
10348511,Bogotá
10348711,Bogotá
10348741,Bogotá
10348751,Bogotá
10348791,Bogotá
10348811,Bogotá
10348831,Bogotá
10348851,Bogotá
10349061,Bogotá
10349661,Bogotá
10349661,Bogotá
10349661,Bogotá
10349711,Bogotá
10349911,Bogotá
10349911,Bogotá
10349991,Bogotá
10350251,Bogotá
10350311,Bogotá
10350511,Bogotá
10350691,Bogotá
10350731,Bogotá
10350771,Bogotá
10350801,Bogotá
10351491,Bogotá
10351511,Bogotá
10351681,Bogotá
10351861,Bogotá
10351991,Bogotá
10352621,Bogotá
10352621,Bogotá
10352621,Bogotá
10352901,Bogotá
10352921,Bogotá
10353051,Bogotá
10353151,Bogotá
10353201,Bogotá
10353511,Bogotá
10353571,Bogotá
10353571,Bogotá
10354321,Bogotá
10354511,Bogotá
10354551,Bogotá
10354951,Bogotá
10355101,Bogotá
10355201,Bogotá
10356071,Bogotá
10356521,Bogotá
10356541,Bogotá
10356671,Bogotá
10356691,Bogotá
10356981,Bogotá
10356991,Bogotá
10357161,Bogotá
10357201,Bogotá
10357221,Bogotá
10357281,Bogotá
10357441,Bogotá
10357661,Bogotá
10357761,Bogotá
10358081,Bogotá
10358091,Bogotá
10358141,Bogotá
10358151,Bogotá
10358271,Bogotá
10362651,Bogotá
10362861,Bogotá
10362891,Bogotá
10363061,Bogotá
10363501,Bogotá
10363501,Bogotá
10363501,Bogotá
10363571,Bogotá
10363631,Bogotá
10363701,Bogotá
10363831,Bogotá
10364351,Bogotá
10364351,Bogotá
10364351,Bogotá
10366231,Zipaquirá
10366231,Zipaquirá
10366241,Zipaquirá
10366241,Zipaquirá
10366591,Zipaquirá
10366671,La Calera
10366801,Mosquera
10366831,Mosquera
10366961,La Calera
10367191,El Rosal
10367571,Sopo
10367721,La Calera
10368241,Funza
10369101,Tabio
10369141,Funza
10369201,Mosquera
10369291,La Calera
10369361,Mosquera
10369621,Tabio
10369731,El Rosal
10369891,Soacha
10370041,Fusagasugá
10370131,Fusagasugá
10370331,Madrid
10370361,Madrid
10370621,Madrid
10370621,Madrid
10370731,Tocancipá
10370861,Chía
10370871,Chía
10371831,Funza
10371981,Funza
10372011,Funza
10372221,Chía
10372331,Facatativa
10372331,Facatativa
10372441,Fusagasugá
10372481,Madrid
10372491,Madrid
10372521,Madrid
10372541,Madrid
10372551,Madrid
10372551,Madrid
10372591,Sopo
10372651,Subachoque
10373061,Cota
10373141,Sopo
10373651,Zipaquirá
10373691,Zipaquirá
10373781,Zipaquirá
10373801,Zipaquirá
10374901,Tabio
10374911,Tabio
10375121,La Calera
10375121,La Calera
10375151,Facatativa
10375171,Facatativa
10375181,Mosquera
10375211,Mosquera
10375251,Tenjo
10375251,Tenjo
10375281,Mosquera
10375681,Sopo
10375831,Tenjo
10376141,Soacha
10376201,Madrid
10376211,Madrid
10376271,Medellín
10376641,Medellín
10376991,Fusagasugá
10377761,Mosquera
10377802,Tocancipá
10377921,Mosquera
10377931,Mosquera
10377961,Mosquera
10378271,Cota
10378301,Cota
10378441,Cota
10378441,Cota
10378591,Cota
10378751,Fusagasugá
10379131,Soacha
10379141,Sopo
10379211,Tabio
10379381,Mosquera
10379711,Tenjo
10379801,Cota
10379851,Cota
10379921,Cota
10380311,Tabio
10380471,Cota
10380481,Cota
10381671,Cota
10381971,Sopo
10382241,Chía
10382261,Chía
10382311,Sibaté
10382561,Chía
10383121,Funza
10383121,Funza
10383191,Medellín
10383281,El Rosal
10383291,El Rosal
10384281,Fusagasugá
10384351,Sibaté
10384511,Madrid
10384801,Medellín
10385061,Medellín
10385081,Sibaté
10385191,Madrid
10385191,Madrid
10385261,Tabio
10386231,La Calera
10386271,Mosquera
10386341,Mosquera
10386351,Facatativa
10386471,Fusagasugá
10386601,Medellín
10386631,Medellín
10386901,Fusagasugá
10387021,Tenjo
10387061,Tenjo
10387091,Zipaquirá
10387191,Zipaquirá
10387251,Zipaquirá
10387261,Zipaquirá
10387311,Zipaquirá
10387471,Medellín
10387601,Sibaté
10388631,Tabio
10389031,Cota
10389081,Cota
10389251,Cota
10389311,Tenjo
10389411,Cota
10389491,Cota
10390191,Funza
10390191,Funza
10390471,Facatativa
10390681,Medellín
10391241,Soacha
10391331,Soacha
10391501,Chía
10391631,Subachoque
10391951,Subachoque
10392171,Soacha
10392201,Soacha
10392341,Fusagasugá
10393541,Bogotá
10393851,Bogotá
10393931,Bogotá
10394811,Bogotá
10394811,Bogotá
10394812,Bogotá
10395151,Bogotá
10395181,Bogotá
10395341,Bogotá
10395701,Bogotá
10396341,Bogotá
10396351,Bogotá
10396601,Bogotá
10396601,Bogotá
10396651,Bogotá
10396731,Bogotá
10396781,Bogotá
10396811,Bogotá
10397071,Bogotá
10397071,Bogotá
10397341,Bogotá
10397391,Bogotá
10397761,Bogotá
10398301,Bogotá
10398361,Bogotá
10398921,Bogotá
10398921,Bogotá
10399091,Bogotá
10399201,Bogotá
10399231,Bogotá
10399451,Bogotá
10399641,Bogotá
10399641,Bogotá
10399851,Bogotá
10399981,Bogotá
10400081,Bogotá
10400201,Bogotá
10400361,Bogotá
10400371,Bogotá
10400471,Bogotá
10400531,Bogotá
10400541,Bogotá
10400591,Bogotá
10400811,Bogotá
10400811,Bogotá
10400831,Bogotá
10400971,Bogotá
10401021,Bogotá
10401051,Bogotá
10401111,Bogotá
10401241,Bogotá
10401631,Bogotá
10401761,Bogotá
10401941,Bogotá
10401961,Bogotá
10401981,Bogotá
10402011,Bogotá
10402051,Bogotá
10402351,Bogotá
10402441,Bogotá
10402451,Bogotá
10402701,Bogotá
10402781,Bogotá
10402851,Bogotá
10402861,Bogotá
10403101,Bogotá
10403121,Bogotá
10403121,Bogotá
10403121,Bogotá
10403121,Bogotá
10403121,Bogotá
10403351,Bogotá
10403371,Bogotá
10403551,Bogotá
10403641,Bogotá
10403651,Bogotá
10403871,Bogotá
10404051,Bogotá
10404201,Bogotá
10404451,Bogotá
10404521,Bogotá
10404901,Bogotá
10405331,Bogotá
10405411,Bogotá
10405431,Bogotá
10405561,Bogotá
10405591,Bogotá
10405761,Bogotá
10406011,Bogotá
10406151,Bogotá
10406171,Bogotá
10406171,Bogotá
10406541,Bogotá
10409751,Bogotá
10409861,Bogotá
10410401,Bogotá
10410681,Bogotá
10410971,Bogotá
10411021,Bogotá
10411111,Bogotá
10411191,Bogotá
10411201,Bogotá
10411361,Bogotá
10411381,Bogotá
10411651,Bogotá
10411731,Bogotá
10411771,Bogotá
10412071,Bogotá
10412331,Bogotá
10412421,Bogotá
10412561,Bogotá
10412641,Bogotá
10412881,Bogotá
10412941,Bogotá
10413471,Bogotá
10413641,Bogotá
10413651,Bogotá
10413711,Bogotá
10413811,Bogotá
10413841,Bogotá
10413991,Bogotá
10414141,Bogotá
10414341,Bogotá
10414581,Bogotá
10416811,Bogotá
10416891,Bogotá
10416941,Bogotá
10417011,Bogotá
10417181,Bogotá
10417381,Bogotá
10417411,Bogotá
10417531,Bogotá
10417711,Bogotá
10417831,Bogotá
10417961,Bogotá
10418151,Bogotá
10418151,Bogotá
10418161,Bogotá
10418191,Bogotá
10418201,Bogotá
10418431,Bogotá
10418611,Bogotá
10418621,Bogotá
10418791,Bogotá
10418841,Bogotá
10418841,Bogotá
10419181,Bogotá
10419211,Bogotá
10419291,Bogotá
10419821,Bogotá
10420351,Bogotá
10420471,Bogotá
10420571,Bogotá
10420761,Bogotá
10420771,Bogotá
10420821,Bogotá
10420831,Bogotá
10421401,Bogotá
10421421,Bogotá
10421461,Bogotá
10421481,Bogotá
10421581,Bogotá
10422131,Bogotá
10422431,Bogotá
10422541,Bogotá
10422991,Bogotá
10423221,Bogotá
10423281,Bogotá
10423621,Bogotá
10423651,Bogotá
10423711,Bogotá
10423751,Bogotá
10423821,Bogotá
10423831,Bogotá
10423851,Bogotá
10424721,Bogotá
10425201,Bogotá
10425221,Bogotá
10425511,Bogotá
10428561,Bogotá
10428961,Bogotá
10428961,Bogotá
10429321,Bogotá
10429801,Bogotá
10429891,Bogotá
10430061,Bogotá
10430081,Bogotá
10430121,Bogotá
10430311,Bogotá
10430321,Bogotá
10430581,Bogotá
10431111,Bogotá
10431291,Bogotá
10431381,Bogotá
10431381,Bogotá
10431911,Bogotá
10431941,Bogotá
10431941,Bogotá
10432001,Bogotá
10432271,Bogotá
10432301,Bogotá
10432451,Bogotá
10432451,Bogotá
10432521,Bogotá
10432691,Bogotá
10432881,Bogotá
10433041,Bogotá
10433111,Bogotá
10433491,Bogotá
10433581,Bogotá
10433811,Bogotá
10433851,Bogotá
10433921,Bogotá
10434291,Bogotá
10434321,Bogotá
10434331,Bogotá
10434341,Bogotá
10434681,Bogotá
10434691,Bogotá
10434931,Bogotá
10434941,Bogotá
10435101,Bogotá
10435481,Bogotá
10435621,Bogotá
10435781,Bogotá
10435971,Bogotá
10436091,Bogotá
10436901,Bogotá
10437131,Bogotá
10437171,Bogotá
10437551,Bogotá
10437831,Bogotá
10437961,Bogotá
10438101,Bogotá
10438311,Bogotá
10438331,Bogotá
10438331,Bogotá
10438391,Bogotá
10438611,Bogotá
10438611,Bogotá
10438611,Bogotá
10438631,Bogotá
10438721,Bogotá
10438811,Bogotá
10438851,Bogotá
10439171,Bogotá
10439171,Bogotá
10439401,Bogotá
10439651,Bogotá
10439721,Bogotá
10439931,Bogotá
10439931,Bogotá
10440151,Bogotá
10440221,Bogotá
10440491,Bogotá
10440611,Bogotá
10440621,Bogotá
10440911,Bogotá
10441181,Bogotá
10441301,Bogotá
10441521,Bogotá
10441791,Bogotá
10441851,Bogotá
10441931,Bogotá
10442001,Bogotá
10442181,Bogotá
10442231,Bogotá
10442231,Bogotá
10442421,Bogotá
10442991,Bogotá
10443481,Bogotá
10443581,Bogotá
10443781,Bogotá
10443981,Bogotá
10444011,Bogotá
10444201,Bogotá
10444351,Bogotá
10444581,Bogotá
10444651,Bogotá
10444711,Bogotá
10444861,Bogotá
10445331,Bogotá
10445351,Bogotá
10445371,Bogotá
10445771,Bogotá
10445861,Bogotá
10445891,Bogotá
10446001,Bogotá
10446031,Bogotá
10446131,Bogotá
10446591,Bogotá
10447171,Bogotá
10447201,Bogotá
10447221,Bogotá
10447261,Bogotá
10447341,Bogotá
10447361,Bogotá
10447851,Bogotá
10447921,Bogotá
10448371,Bogotá
10448401,Bogotá
10448421,Bogotá
10448991,Bogotá
10449041,Bogotá
10449041,Bogotá
10449161,Bogotá
10449291,Bogotá
10451721,Bogotá
10451791,Bogotá
10451831,Bogotá
10451881,Bogotá
10452141,Bogotá
10452171,Bogotá
10452311,Bogotá
10452691,Bogotá
10452771,Bogotá
10452811,Bogotá
10452821,Bogotá
10452851,Bogotá
10452861,Bogotá
10453491,Bogotá
10453611,Bogotá
10453841,Bogotá
10453981,Bogotá
10454001,Bogotá
10454011,Bogotá
10454531,Bogotá
10454561,Bogotá
10454621,Bogotá
10454691,Bogotá
10454731,Bogotá
10454731,Bogotá
10454981,Bogotá
10455951,Bogotá
10455961,Bogotá
10456021,Bogotá
10456031,Bogotá
10456221,Bogotá
10456251,Bogotá
10456301,Bogotá
10459261,Bogotá
10459361,Bogotá
10459441,Bogotá
10459551,Bogotá
10459741,Bogotá
10459831,Bogotá
10459921,Bogotá
10460121,Bogotá
10460121,Bogotá
10460321,Bogotá
10460351,Bogotá
10460371,Bogotá
10460371,Bogotá
10460391,Bogotá
10460471,Bogotá
10460531,Bogotá
10461441,Bogotá
10461451,Bogotá
10462061,Bogotá
10462071,Bogotá
10462071,Bogotá
10462091,Bogotá
10462271,Bogotá
10462351,Bogotá
10462371,Bogotá
10462481,Bogotá
10462861,Bogotá
10462861,Bogotá
10462861,Bogotá
10462861,Bogotá
10462901,Bogotá
10462901,Bogotá
10462901,Bogotá
10462901,Bogotá
10462961,Bogotá
10463031,Bogotá
10463341,Bogotá
10463631,Bogotá
10463631,Bogotá
10493121,Bogotá
10493441,Bogotá
10494071,Bogotá
10497141,Bogotá
10497391,Bogotá
10497411,Bogotá
10497411,Bogotá
10497901,Bogotá
10499541,Bogotá
10500371,Zipaquirá
10501951,Facatativa
10502201,Chía
10502641,Fusagasugá
10502661,Fusagasugá
10502691,La Calera
10502791,Facatativa
10503651,Bojacá
10504131,Soacha
10504211,Madrid
10504211,Madrid
10504311,Madrid
10504401,Medellín
10504481,Facatativa
10504481,Facatativa
10505081,Bojacá
10505662,Madrid
10505841,Medellín
10505891,Madrid
10505971,Cota
10506011,Cota
10506381,Medellín
10506821,Fusagasugá
10507001,Soacha
10509731,Facatativa
10509771,Mosquera
10509941,Facatativa
10510031,Fusagasugá
10510111,Cota
10510331,Fusagasugá
10510651,Cota
10510791,Bojacá
10510921,Funza
10510931,Funza
10510991,Chía
10511091,Chía
10511391,Zipaquirá
10511411,Zipaquirá
10511731,Funza
10511901,Funza
10512001,Zipaquirá
10512081,Funza
10512261,Zipaquirá
10514211,Facatativa
10514221,Facatativa
10514251,La Calera
10514441,Madrid
10514541,Fusagasugá
10514581,Fusagasugá
10514951,Medellín
10515191,Facatativa
10515241,Madrid
10515591,La Calera
10515701,Madrid
10515851,Fusagasugá
10515931,Madrid
10516071,El Rosal
10516091,El Rosal
10516171,Zipacón
10516771,Madrid
10516861,Madrid
10517171,Subachoque
10517211,Tabio
10517991,Cota
10518231,Chía
10518311,Chía
10518371,Chía
10518511,Zipacón
10518581,Funza
10518771,Funza
10519031,Zipaquirá
10519321,Zipaquirá
10519391,Chía
10520561,Soacha
10520601,Soacha
10520811,Cota
10520821,Cota
10520861,Cota
10520861,Cota
10520861,Cota
10520901,Fusagasugá
10520931,Fusagasugá
10521001,Facatativa
10522091,Bogotá
10522101,Bogotá
10522221,Bogotá
10522311,Bogotá
10522471,Bogotá
10522641,Bogotá
10522802,Bogotá
10522802,Bogotá
10522921,Bogotá
10524021,Bogotá
10524061,Bogotá
10524081,Bogotá
10524091,Bogotá
10525191,Bogotá
10525241,Bogotá
10525381,Bogotá
10525391,Bogotá
10525901,Bogotá
10527681,Bogotá
10527711,Bogotá
10528651,Bogotá
10528831,Bogotá
10528851,Bogotá
10528961,Bogotá
10529091,Bogotá
10529121,Bogotá
10529261,Bogotá
10529681,Bogotá
10530061,Bogotá
10530111,Bogotá
10530251,Bogotá
10530371,Bogotá
10530751,Bogotá
10530821,Bogotá
10531051,Bogotá
10531121,Bogotá
10531211,Bogotá
10531551,Bogotá
10531751,Bogotá
10531781,Bogotá
10531851,Bogotá
10531891,Bogotá
10532111,Bogotá
10532811,Bogotá
10532841,Bogotá
10532971,Bogotá
10533061,Bogotá
10533261,Bogotá
10533331,Bogotá
10533371,Bogotá
10533401,Bogotá
10533401,Bogotá
10533761,Bogotá
10533781,Bogotá
10533971,Bogotá
10534011,Bogotá
10534021,Bogotá
10534331,Bogotá
10534461,Bogotá
10534521,Bogotá
10534521,Bogotá
10534531,Bogotá
10534621,Bogotá
10534771,Bogotá
10534951,Bogotá
10535191,Bogotá
10535231,Bogotá
10535521,Bogotá
10536081,Bogotá
10536281,Bogotá
10536301,Bogotá
10536331,Bogotá
10536781,Bogotá
10536941,Bogotá
10536961,Bogotá
10537011,Bogotá
10537121,Bogotá
10537121,Bogotá
10537121,Bogotá
10537121,Bogotá
10537301,Bogotá
10537331,Bogotá
10537461,Bogotá
10537671,Bogotá
10537701,Bogotá
10537811,Bogotá
10537831,Bogotá
10537961,Bogotá
10538101,Bogotá
10538151,Bogotá
10538271,Bogotá
10538551,Bogotá
10538611,Bogotá
10539091,Bogotá
10539111,Bogotá
10539161,Bogotá
10539261,Bogotá
10539341,Bogotá
10539391,Bogotá
10539761,Bogotá
10539771,Bogotá
10539981,Bogotá
10540191,Bogotá
10540201,Bogotá
10540211,Bogotá
10540381,Bogotá
10540531,Bogotá
10540651,Bogotá
10540811,Bogotá
10540911,Bogotá
10541321,Bogotá
10541581,Bogotá
10541601,Bogotá
10542261,Bogotá
10542561,Bogotá
10543081,Bogotá
10543121,Bogotá
10543251,Bogotá
10543341,Bogotá
10543881,Bogotá
10544112,Bogotá
10544321,Bogotá
10544581,Bogotá
10544611,Bogotá
10544641,Bogotá
10544671,Bogotá
10544891,Bogotá
10544941,Bogotá
10545141,Bogotá
10545231,Bogotá
10545621,Bogotá
10545821,Bogotá
10545841,Bogotá
10545851,Bogotá
10545921,Bogotá
10546021,Bogotá
10546101,Bogotá
10546101,Bogotá
10546141,Bogotá
10546431,Bogotá
10546511,Bogotá
10546531,Bogotá
10546601,Bogotá
10546771,Bogotá
10546791,Bogotá
10546871,Bogotá
10546911,Bogotá
10546921,Bogotá
10546991,Bogotá
10547191,Bogotá
10547261,Bogotá
10547621,Bogotá
10547641,Bogotá
10547641,Bogotá
10547851,Bogotá
10547861,Bogotá
10547871,Bogotá
10547871,Bogotá
10547881,Bogotá
10548181,Bogotá
10548451,Bogotá
10548871,Bogotá
10548951,Bogotá
10549151,Bogotá
10549231,Bogotá
10549251,Bogotá
10549371,Bogotá
10549441,Bogotá
10549631,Bogotá
10550191,Bogotá
10550361,Bogotá
10550361,Bogotá
10550411,Bogotá
10550951,Bogotá
10551061,Bogotá
10551221,Bogotá
10551221,Bogotá
10551301,Bogotá
10551591,Bogotá
10551631,Bogotá
10551651,Bogotá
10552181,Bogotá
10552261,Bogotá
10552261,Bogotá
10552261,Bogotá
10552531,Bogotá
10552611,Bogotá
10552611,Bogotá
10552671,Bogotá
10552701,Bogotá
10552831,Bogotá
10553071,Bogotá
10578731,Bogotá
10578801,Bogotá
10578801,Bogotá
10578861,Bogotá
10579011,Bogotá
10579041,Bogotá
10579121,Bogotá
10579361,Bogotá
10579761,Bogotá
10580051,Bogotá
10580181,Bogotá
10580191,Bogotá
10580361,Bogotá
10580481,Bogotá
10580521,Bogotá
10580541,Bogotá
10580581,Bogotá
10581381,Bogotá
10581421,Bogotá
10581571,Bogotá
10581601,Bogotá
10581651,Bogotá
10581661,Bogotá
10581691,Bogotá
10582561,Bogotá
10582651,Bogotá
10582721,Bogotá
10582751,Bogotá
10582801,Bogotá
10582941,Bogotá
10582951,Bogotá
10583011,Bogotá
10583201,Bogotá
10583421,Bogotá
10583571,Bogotá
10583671,Bogotá
10584181,Bogotá
10584241,Bogotá
10584251,Bogotá
10584281,Bogotá
10584571,Bogotá
10585031,Bogotá
10585031,Bogotá
10585311,Bogotá
10585341,Bogotá
10585341,Bogotá
10585421,Bogotá
10585461,Bogotá
10585511,Bogotá
10585711,Bogotá
10585811,Bogotá
10586161,Bogotá
10586261,Bogotá
10586391,Bogotá
10586511,Bogotá
10586871,Bogotá
10587361,Bogotá
10587491,Bogotá
10587621,Bogotá
10587711,Bogotá
10592101,Bogotá
10592201,Bogotá
10592211,Bogotá
10592341,Bogotá
10592531,Bogotá
10592781,Bogotá
10592931,Bogotá
10593011,Bogotá
10593401,Bogotá
10593451,Bogotá
10593581,Bogotá
10593581,Bogotá
10593631,Bogotá
10593741,Bogotá
10593771,Bogotá
10594461,Bogotá
10594691,Bogotá
10595161,Bogotá
10595271,Bogotá
10595381,Bogotá
10595401,Bogotá
10595421,Bogotá
10595531,Bogotá
10595761,Bogotá
10595821,Bogotá
10596291,Bogotá
10596361,Bogotá
10596431,Bogotá
10596701,Bogotá
10597291,Bogotá
10597311,Bogotá
10597331,Bogotá
10597581,Bogotá
10597641,Bogotá
10597741,Bogotá
10597791,Bogotá
10597791,Bogotá
10597791,Bogotá
10597881,Bogotá
10598311,Bogotá
10598421,Bogotá
10601431,Bogotá
10601461,Bogotá
10601531,Bogotá
10601591,Bogotá
10601591,Bogotá
10601671,Bogotá
10601671,Bogotá
10601921,Bogotá
10602341,Bogotá
10602371,Bogotá
10602451,Bogotá
10602561,Bogotá
10602781,Bogotá
10602901,Bogotá
10602901,Bogotá
10602921,Bogotá
10602941,Bogotá
10603001,Bogotá
10603041,Bogotá
10603261,Bogotá
10603451,Bogotá
10603451,Bogotá
10603591,Bogotá
10603691,Bogotá
10603751,Bogotá
10604001,Bogotá
10604371,Bogotá
10604461,Bogotá
10604481,Bogotá
10604481,Bogotá
10604481,Bogotá
10604481,Bogotá
10604771,Bogotá
10604781,Bogotá
10604951,Bogotá
10604951,Bogotá
10605111,Bogotá
10605131,Bogotá
10605191,Bogotá
10605311,Bogotá
10605391,Bogotá
10605491,Bogotá
10605821,Bogotá
10605891,Bogotá
10605891,Bogotá
10605891,Bogotá
10605911,Bogotá
10606031,Bogotá
10606141,Bogotá
10606141,Bogotá
10606201,Bogotá
10606301,Bogotá
10606361,Bogotá
10606461,Bogotá
10606561,Bogotá
10606841,Bogotá
10606851,Bogotá
10606901,Bogotá
10607091,Bogotá
10607441,Bogotá
10607481,Bogotá
10607481,Bogotá
10607481,Bogotá
10607481,Bogotá
10607591,Bogotá
10607631,Bogotá
10607631,Bogotá
10607791,Bogotá
10608001,Bogotá
10608011,Bogotá
10608021,Bogotá
10608021,Bogotá
10608081,Bogotá
10608091,Bogotá
10608261,Bogotá
10608351,Bogotá
10608401,Bogotá
10608401,Bogotá
10608431,Bogotá
10608431,Bogotá
10608471,Bogotá
10608481,Bogotá
10608481,Bogotá
10608551,Bogotá
10608701,Bogotá
10608751,Bogotá
10623371,Bogotá
10624381,Bogotá
10624901,Bogotá
10625571,Bogotá
10625641,Bogotá
10625841,Bogotá
10625901,Bogotá
10625971,Bogotá
10626241,Bogotá
10626371,Bogotá
10626451,Bogotá
10626631,Bogotá
10626871,Bogotá
10626881,Bogotá
10626901,Bogotá
10627291,Bogotá
10627431,Bogotá
10627551,Bogotá
10627871,Bogotá
10628191,Bogotá
10628211,Bogotá
10628351,Bogotá
10628351,Bogotá
10628441,Bogotá
10628451,Bogotá
10628491,Bogotá
10628541,Bogotá
10628541,Bogotá
10628541,Bogotá
10628541,Bogotá
10628651,Bogotá
10628931,Bogotá
10628991,Bogotá
10629031,Bogotá
10629121,Bogotá
10629191,Bogotá
10629361,Bogotá
10629551,Bogotá
10629561,Bogotá
10629741,Bogotá
10630001,Bogotá
10630341,Bogotá
10630341,Bogotá
10630421,Bogotá
10630421,Bogotá
10630481,Bogotá
10632941,Bogotá
10633061,Bogotá
10633201,Bogotá
10633481,Bogotá
10633551,Bogotá
10633551,Bogotá
10633711,Bogotá
10633711,Bogotá
10633861,Bogotá
10633961,Bogotá
10634141,Bogotá
10634471,Bogotá
10634501,Bogotá
10634501,Bogotá
10634591,Bogotá
10634691,Bogotá
10634921,Bogotá
10635131,Bogotá
10635321,Bogotá
10635451,Bogotá
10635551,Bogotá
10635711,Bogotá
10636171,Bogotá
10636201,Bogotá
10636241,Bogotá
10636381,Bogotá
10636431,Bogotá
10636461,Bogotá
10636681,Bogotá
10636691,Bogotá
10636701,Bogotá
10636751,Bogotá
10636901,Bogotá
10637141,Bogotá
10637291,Bogotá
10637351,Bogotá
10637451,Bogotá
10637461,Bogotá
10637581,Bogotá
10637751,Bogotá
10637831,Bogotá
10637831,Bogotá
10638001,Bogotá
10639041,Bogotá
10639101,Bogotá
10639311,Bogotá
10639521,Bogotá
10639541,Bogotá
10639721,Bogotá
10639921,Bogotá
10639921,Bogotá
10640011,Bogotá
10640041,Bogotá
10640501,Bogotá
10640511,Bogotá
10640511,Bogotá
10640561,Bogotá
10640841,Bogotá
10640921,Bogotá
10640981,Bogotá
10641191,Bogotá
10641421,Bogotá
10641711,Bogotá
10641751,Bogotá
10641781,Bogotá
10641851,Bogotá
10641851,Bogotá
10641871,Bogotá
10641911,Bogotá
10642051,Bogotá
10642121,Bogotá
10642141,Bogotá
10642391,Bogotá
10642411,Bogotá
10642601,Bogotá
10642621,Bogotá
10642631,Bogotá
10642631,Bogotá
10642631,Bogotá
10642831,Bogotá
10642901,Bogotá
10642901,Bogotá
10642931,Bogotá
10642981,Bogotá
10643191,Bogotá
10643241,Bogotá
10644131,Bogotá
10644261,Bogotá
10645371,Bogotá
10645401,Bogotá
10645531,Bogotá
10645541,Bogotá
10645601,Bogotá
10645681,Bogotá
10646471,Bogotá
10647131,Bogotá
10647241,Bogotá
10647371,Bogotá
10647591,Bogotá
10647661,Bogotá
10647811,Bogotá
10648201,Bogotá
10648401,Bogotá
10648851,Bogotá
10649051,Bogotá
10649101,Bogotá
10649101,Bogotá
10649191,Bogotá
10649201,Bogotá
10649601,Bogotá
10650221,Bogotá
10650221,Bogotá
10650461,Bogotá
10650561,Bogotá
10650901,Bogotá
10650911,Bogotá
10650951,Bogotá
10651281,Bogotá
10651281,Bogotá
10651331,Bogotá
10651331,Bogotá
10651621,Bogotá
10651631,Bogotá
10651661,Bogotá
10651711,Bogotá
10651761,Bogotá
10651801,Bogotá
10652071,Bogotá
10652151,Bogotá
10652251,Bogotá
10652261,Bogotá
10656461,Bogotá
10657561,Bogotá
10657601,Bogotá
10658061,Bogotá
10658241,Bogotá
10658261,Bogotá
10658291,Bogotá
10658651,Bogotá
10658781,Bogotá
10658821,Bogotá
10658831,Bogotá
10659151,Bogotá
10659301,Bogotá
10659341,Bogotá
10659511,Bogotá
10659511,Bogotá
10659661,Bogotá
10659781,Bogotá
10659951,Bogotá
10659971,Bogotá
10660041,Bogotá
10660341,Bogotá
10660471,Bogotá
10660621,Bogotá
10660761,Bogotá
10660931,Bogotá
10661021,Bogotá
10991321,Bogotá
10991631,Bogotá
10993661,Medellín
10993691,Medellín
10993791,Funza
10993931,Soacha
10993931,Soacha
10994001,La Calera
10994001,La Calera
10994231,Soacha
10994321,Funza
10994431,Chía
10994441,Chía
10994611,Fusagasugá
10994721,Fusagasugá
10994731,Fusagasugá
10994811,Fusagasugá
10994831,Fusagasugá
10994921,Facatativa
10994961,Mosquera
10994961,Mosquera
10994961,Mosquera
10995031,Madrid
10995061,Chía
10995441,Facatativa
10995831,Soacha
10995891,Soacha
10996531,Subachoque
10996701,Mosquera
10996701,Mosquera
10996781,La Calera
10996791,La Calera
10997101,Madrid
10997101,Madrid
10997261,La Calera
10997961,La Calera
10998191,Facatativa
10998211,Facatativa
10998311,Facatativa
10998371,Facatativa
10998411,Facatativa
10998411,Facatativa
10998831,Cota
10999001,Cota
10999081,Medellín
10999741,La Calera
10999931,Fusagasugá
10999941,Fusagasugá
11000051,La Calera
11000161,La Calera
11000201,Cota
11000201,Cota
11000251,La Calera
11000521,Soacha
11000591,Soacha
11000771,La Calera
11000781,La Calera
11000841,Madrid
11000841,Madrid
11001161,Soacha
11001641,Madrid
11002261,Madrid
11002661,Madrid
11002731,Medellín
11002861,Mosquera
11003291,Zipacón
11003311,Mosquera
11003321,Mosquera
11003631,Cota
11003691,Cota
11003851,Zipacón
11003851,Zipacón
11003891,Mosquera
11003921,Mosquera
11004441,Zipacón
11004451,Zipacón
11004471,Zipacón
11004571,Madrid
11004611,Facatativa
11004821,Zipacón
11004861,Madrid
11004861,Madrid
11005361,Tabio
11005551,Madrid
11005871,Soacha
11005871,Soacha
11005931,Soacha
11006111,Facatativa
11006191,Sibaté
11006281,Sibaté
11006431,Medellín
11006441,Medellín
11006911,Mosquera
11007341,Subachoque
11007381,Subachoque
11007391,Subachoque
11007461,Mosquera
11007471,Mosquera
11007661,Mosquera
11007701,Mosquera
11007831,Mosquera
11008171,Mosquera
11008171,Mosquera
11008491,Madrid
11008631,Cota
11008741,Tenjo
11008751,Medellín
11008801,El Rosal
11009001,La Calera
11009101,Cota
11009161,Madrid
11009231,Medellín
11009271,La Calera
11010241,Tocancipá
11011001,Funza
11011131,Funza
11011801,Tenjo
11011971,Fusagasugá
11011991,Fusagasugá
11012381,Sopo
11012401,Sopo
11012501,Sopo
11012501,Sopo
11012761,Tabio
11012841,Tabio
11012921,Tabio
11012961,Tabio
11013001,Tabio
11013111,Tabio
11013561,Fusagasugá
11013901,Mosquera
11013931,Fusagasugá
11014201,Zipacón
11014341,Zipacón
11014541,Subachoque
11015371,Tocancipá
11015461,Bojacá
11015541,Bojacá
11015841,La Calera
11015841,La Calera
11016131,Sopo
11016131,Sopo
11016141,Sopo
11016221,Bojacá
11016341,El Rosal
11016501,El Rosal
11016551,El Rosal
11016611,El Rosal
11016771,El Rosal
11017341,Madrid
11017381,Tabio
11017641,El Rosal
11017861,Tenjo
11017891,Facatativa
11017971,Tenjo
11018201,Sopo
11018761,Cota
11018941,Cota
11018971,Cota
11019101,Cota
11019201,Bogotá
11019291,Bogotá
11019321,Bogotá
11019391,Bogotá
11019411,Bogotá
11019411,Bogotá
11019411,Bogotá
11019611,Bogotá
11020281,Bogotá
11020551,Bogotá
11020561,Bogotá
11020561,Bogotá
11020591,Bogotá
11020771,Bogotá
11020881,Bogotá
11020881,Bogotá
11021331,Bogotá
11021361,Bogotá
11021391,Bogotá
11021401,Bogotá
11021531,Bogotá
11021561,Bogotá
11021581,Bogotá
11021661,Bogotá
11022191,Bogotá
11022661,Bogotá
11022901,Bogotá
11023031,Bogotá
11023201,Bogotá
11023261,Bogotá
11023391,Bogotá
11023421,Bogotá
11023421,Bogotá
11023521,Bogotá
11023681,Bogotá
11023881,Bogotá
11023931,Bogotá
11023981,Bogotá
11024801,Bogotá
11024841,Bogotá
11024851,Bogotá
11025021,Bogotá
11025131,Bogotá
11025131,Bogotá
11025181,Bogotá
11025251,Bogotá
11025311,Bogotá
11025331,Bogotá
11025361,Bogotá
11025431,Bogotá
11025461,Bogotá
11025531,Bogotá
11025571,Bogotá
11025781,Bogotá
11026261,Bogotá
11026361,Bogotá
11026541,Bogotá
11026911,Bogotá
11026971,Bogotá
11026971,Bogotá
11027001,Bogotá
11027061,Bogotá
11027091,Bogotá
11027341,Bogotá
11027741,Bogotá
11027801,Bogotá
11027801,Bogotá
11027801,Bogotá
11027871,Bogotá
11027891,Bogotá
11027891,Bogotá
11027901,Bogotá
11028041,Bogotá
11028151,Bogotá
11028331,Bogotá
11028341,Bogotá
11028351,Bogotá
11028591,Bogotá
11028751,Bogotá
11028751,Bogotá
11028851,Bogotá
11028981,Bogotá
11029001,Bogotá
11029211,Bogotá
11029261,Bogotá
11029321,Bogotá
11029321,Bogotá
11029521,Bogotá
11029521,Bogotá
11029571,Bogotá
11029681,Bogotá
11029901,Bogotá
11029981,Bogotá
11030011,Bogotá
11030041,Bogotá
11030251,Bogotá
11030271,Bogotá
11030271,Bogotá
11030661,Bogotá
11030891,Bogotá
11030911,Bogotá
11031371,Bogotá
11031502,Bogotá
11031741,Bogotá
11032201,Bogotá
11032201,Bogotá
11032201,Bogotá
11032411,Bogotá
11032471,Bogotá
11032491,Bogotá
11032681,Bogotá
11032681,Bogotá
11032701,Bogotá
11032711,Bogotá
11032721,Bogotá
11032721,Bogotá
11032761,Bogotá
11032771,Bogotá
11032941,Bogotá
11033091,Bogotá
11033381,Bogotá
11033451,Bogotá
11033701,Bogotá
11034311,Bogotá
11034321,Bogotá
11034441,Bogotá
11034471,Bogotá
11034491,Bogotá
11034861,Bogotá
11035341,Bogotá
11035501,Bogotá
11035601,Bogotá
11036181,Bogotá
11036231,Bogotá
11036601,Bogotá
11036741,Bogotá
11037041,Bogotá
11037191,Bogotá
11037981,Bogotá
11038101,Bogotá
11038271,Bogotá
11038321,Bogotá
11038361,Bogotá
11038511,Bogotá
11039111,Bogotá
11039611,Bogotá
11039731,Bogotá
11039731,Bogotá
11041541,Bogotá
11041551,Bogotá
11042141,Bogotá
11042191,Bogotá
11042221,Bogotá
11042581,Bogotá
11042591,Bogotá
11042601,Bogotá
11042751,Bogotá
11042861,Bogotá
11043691,Bogotá
11043721,Bogotá
11043841,Bogotá
11043911,Bogotá
11043981,Bogotá
11044181,Bogotá
11044291,Bogotá
11044411,Bogotá
11044441,Bogotá
11044551,Bogotá
11044651,Bogotá
11044681,Bogotá
11044691,Bogotá
11044691,Bogotá
11044921,Bogotá
11044951,Bogotá
11045011,Bogotá
11045121,Bogotá
11045121,Bogotá
11045161,Bogotá
11045171,Bogotá
11045191,Bogotá
11045241,Bogotá
11045361,Bogotá
11045471,Bogotá
11045731,Bogotá
11045731,Bogotá
11045771,Bogotá
11045971,Bogotá
11046231,Bogotá
11046321,Bogotá
11053171,Bogotá
11054221,Bogotá
11055031,Bogotá
11055291,Bogotá
11055351,Bogotá
11055361,Bogotá
11055361,Bogotá
11055761,Bogotá
11055841,Bogotá
11056141,Bogotá
11056181,Bogotá
11056191,Bogotá
11056651,Bogotá
11056701,Bogotá
11056861,Bogotá
11057021,Bogotá
11057051,Bogotá
11057171,Bogotá
11057361,Bogotá
11057431,Bogotá
11057541,Bogotá
11057931,Bogotá
11058091,Bogotá
11058421,Bogotá
11058421,Bogotá
11058711,Bogotá
11058761,Bogotá
11059021,Bogotá
11059421,Bogotá
11059431,Bogotá
11059461,Bogotá
11059861,Bogotá
11060111,Bogotá
11060221,Bogotá
11060551,Bogotá
11060831,Bogotá
11060841,Bogotá
11060941,Bogotá
11061161,Bogotá
11061251,Bogotá
11061321,Bogotá
11061351,Bogotá
11061561,Bogotá
11061691,Bogotá
11061911,Bogotá
11062331,Bogotá
11062531,Bogotá
11062561,Bogotá
11063311,Bogotá
11063341,Bogotá
11063631,Bogotá
11063631,Bogotá
11063891,Bogotá
11064301,Bogotá
11064521,Bogotá
11064961,Bogotá
11065011,Bogotá
11065341,Bogotá
11065391,Bogotá
11066021,Bogotá
11066021,Bogotá
11066151,Bogotá
11066711,Bogotá
11066931,Bogotá
11067121,Bogotá
11067171,Bogotá
11067431,Bogotá
11067431,Bogotá
11067521,Bogotá
11067701,Bogotá
11068381,Bogotá
11068491,Bogotá
11068501,Bogotá
11068561,Bogotá
11068621,Bogotá
11068641,Bogotá
11068681,Bogotá
11068951,Bogotá
11069051,Bogotá
11069211,Bogotá
11069481,Bogotá
11069531,Bogotá
11069751,Bogotá
11069901,Bogotá
11069981,Bogotá
11070031,Bogotá
11070031,Bogotá
11070031,Bogotá
11070051,Bogotá
11070221,Bogotá
11070461,Bogotá
11070531,Bogotá
11070611,Bogotá
11070751,Bogotá
11070791,Bogotá
11070951,Bogotá
11070961,Bogotá
11071451,Bogotá
11071551,Bogotá
11071551,Bogotá
11071571,Bogotá
11071791,Bogotá
11071791,Bogotá
11071831,Bogotá
11071881,Bogotá
11072191,Bogotá
11072301,Bogotá
11072421,Bogotá
11072501,Bogotá
11072801,Bogotá
11073011,Bogotá
11073051,Bogotá
11073121,Bogotá
11073221,Bogotá
11073631,Bogotá
11074021,Bogotá
11074251,Bogotá
11074251,Bogotá
11074591,Bogotá
11074931,Bogotá
11074951,Bogotá
11075081,Bogotá
11075091,Bogotá
11075131,Bogotá
11075441,Bogotá
11075581,Bogotá
11075661,Bogotá
11075971,Bogotá
11076401,Bogotá
11076421,Bogotá
11076571,Bogotá
11076701,Bogotá
11076941,Bogotá
11076981,Bogotá
11077261,Bogotá
11077271,Bogotá
11077291,Bogotá
11077431,Bogotá
11077771,Bogotá
11077811,Bogotá
11077821,Bogotá
11077911,Bogotá
11078521,Bogotá
11078871,Bogotá
11078871,Bogotá
11079001,Bogotá
11079001,Bogotá
11079331,Bogotá
11079871,Bogotá
11080051,Bogotá
11080061,Bogotá
11080161,Bogotá
11080331,Bogotá
11080561,Bogotá
11080761,Bogotá
11080861,Bogotá
11080931,Bogotá
11081541,Bogotá
11082021,Bogotá
11082041,Bogotá
11082131,Bogotá
11082901,Bogotá
11083271,Bogotá
11083531,Bogotá
11084111,Bogotá
11084361,Bogotá
11084461,Bogotá
11084581,Bogotá
11084651,Bogotá
11084671,Bogotá
11085001,Bogotá
11085361,Bogotá
11085381,Bogotá
11085621,Bogotá
11085631,Bogotá
11085681,Bogotá
11085771,Bogotá
11085811,Bogotá
11085891,Bogotá
11085891,Bogotá
11085921,Bogotá
11086141,Bogotá
11086341,Bogotá
11086371,Bogotá
11086381,Bogotá
11086381,Bogotá
11086651,Bogotá
11086761,Bogotá
11086961,Bogotá
11087171,Bogotá
11087221,Bogotá
11087221,Bogotá
11087221,Bogotá
11087401,Bogotá
11087471,Bogotá
11087771,Bogotá
11087901,Bogotá
11088121,Bogotá
11088291,Bogotá
11088661,Bogotá
11088691,Bogotá
11088761,Bogotá
11088841,Bogotá
11088861,Bogotá
11088891,Bogotá
11089161,Bogotá
11089211,Bogotá
11089231,Bogotá
11089391,Bogotá
11089691,Bogotá
11089751,Bogotá
11089771,Bogotá
11090431,Bogotá
11090521,Bogotá
11090611,Bogotá
11090681,Bogotá
11090721,Bogotá
11090831,Bogotá
11090961,Bogotá
11091091,Bogotá
11091121,Bogotá
11091311,Bogotá
11091461,Bogotá
11091771,Bogotá
11091781,Bogotá
11092191,Bogotá
11092241,Bogotá
11092251,Bogotá
11093061,Bogotá
11093131,Bogotá
11093431,Bogotá
11093501,Bogotá
11093641,Bogotá
11093641,Bogotá
11093851,Bogotá
11094071,Bogotá
11094131,Bogotá
11094421,Bogotá
11094531,Bogotá
11094641,Bogotá
11094701,Bogotá
11094751,Bogotá
11094881,Bogotá
11094891,Bogotá
11094911,Bogotá
11095191,Bogotá
11095221,Bogotá
11095251,Bogotá
11095251,Bogotá
11095271,Bogotá
11095331,Bogotá
11095351,Bogotá
11095361,Bogotá
11095401,Bogotá
11095501,Bogotá
11095831,Bogotá
11095831,Bogotá
11095831,Bogotá
11095931,Bogotá
11095981,Bogotá
11096031,Bogotá
11096031,Bogotá
11096031,Bogotá
11096121,Bogotá
11096301,Bogotá
11096521,Bogotá
11096521,Bogotá
11096561,Bogotá
11097021,Bogotá
11097141,Bogotá
11097211,Bogotá
11097241,Bogotá
11097241,Bogotá
11097241,Bogotá
11097261,Bogotá
11097571,Bogotá
11097661,Bogotá
11097711,Bogotá
11097711,Bogotá
11097731,Bogotá
11097771,Bogotá
11097781,Bogotá
11097801,Bogotá
11098431,Bogotá
11098651,Bogotá
11098661,Bogotá
11098661,Bogotá
11098751,Bogotá
11213281,Bogotá
11213321,Bogotá
11214441,Zipaquirá
11214701,Zipaquirá
11214711,Zipaquirá
11214961,Zipaquirá
11215221,Zipaquirá
11215451,Tabio
11215941,Zipaquirá
11216511,Cota
11216511,Cota
11216511,Cota
11216711,Cota
11216741,Cota
11216771,Cota
11216871,Soacha
11217581,Cota
11217921,Fusagasugá
11218001,Fusagasugá
11218011,Fusagasugá
11218151,Fusagasugá
11218151,Fusagasugá
11218201,Fusagasugá
11220411,Tabio
11220681,Tabio
11221171,Chía
11221261,La Calera
11221561,La Calera
11221681,Chía
11222141,Tabio
11222151,Tabio
11222151,Tabio
11222501,Tocancipá
11222501,Tocancipá
11223131,Mosquera
11223661,Soacha
11223701,Zipaquirá
11223921,Tenjo
11224361,Bojacá
11225311,Gachancipá
11237311,Funza
11237321,Chía
11237401,Bojacá
11237451,La Calera
11237461,La Calera
11237721,Bojacá
11238021,Sopo
11238191,Bojacá
11238271,Bojacá
11238511,Tocancipá
11238541,Sibaté
11239121,Gachancipá
11239171,Fusagasugá
11239231,Tabio
11239281,El Rosal
11240051,Subachoque
11240101,Subachoque
11240141,Funza
11240151,Funza
11240151,Funza
11240281,Subachoque
11240381,Funza
11240571,Facatativa
11240651,Fusagasugá
11240911,La Calera
11241211,Facatativa
11241281,La Calera
11241421,Facatativa
11241461,Sopo
11241471,Sopo
11241541,Medellín
11241551,Medellín
11241761,Cota
11242111,Tabio
11242221,Zipaquirá
11242241,Tabio
11242391,Zipaquirá
11242391,Zipaquirá
11242691,Tenjo
11243131,Bogotá
11243191,Bogotá
11243321,Bogotá
11243381,Bogotá
11243561,Bogotá
11243561,Bogotá
11243631,Bogotá
11243681,Bogotá
11244671,Bogotá
11244751,Bogotá
11244761,Bogotá
11244772,Bogotá
11244772,Bogotá
11244961,Bogotá
11245501,Bogotá
11246161,Bogotá
11246171,Bogotá
11246221,Bogotá
11246381,Bogotá
11246771,Bogotá
11247781,Bogotá
11247901,Bogotá
11248181,Bogotá
11248251,Bogotá
11248581,Bogotá
11249211,Bogotá
11249251,Bogotá
11249941,Bogotá
11250001,Bogotá
11250091,Bogotá
11250201,Bogotá
11251091,Bogotá
11251521,Bogotá
11251631,Bogotá
11251661,Bogotá
11251691,Bogotá
11251871,Bogotá
11251901,Bogotá
11253331,Bogotá
11253631,Bogotá
11253731,Bogotá
11253781,Bogotá
11254221,Bogotá
11254521,Bogotá
11254641,Bogotá
11255061,Bogotá
11255171,Bogotá
11255491,Bogotá
11256011,Bogotá
11256131,Bogotá
11256181,Bogotá
11256311,Bogotá
11256631,Bogotá
11256631,Bogotá
11256751,Bogotá
11256781,Bogotá
11257391,Bogotá
11257441,Bogotá
11257631,Bogotá
11257711,Bogotá
11257771,Bogotá
11257771,Bogotá
11259151,Bogotá
11260161,Bogotá
11260431,Bogotá
11261361,Bogotá
11261421,Bogotá
11261651,Bogotá
11261821,Bogotá
11262481,Bogotá
11262631,Bogotá
11263281,Bogotá
11263281,Bogotá
11263611,Bogotá
11263611,Bogotá
11263661,Bogotá
11264081,Bogotá
11264121,Bogotá
11264331,Bogotá
11264661,Bogotá
11264661,Bogotá
11264661,Bogotá
11264881,Bogotá
11264891,Bogotá
11265111,Bogotá
11265371,Bogotá
11265521,Bogotá
11265831,Bogotá
11266121,Bogotá
11266161,Bogotá
11266291,Bogotá
11266311,Bogotá
11266311,Bogotá
11266321,Bogotá
11266321,Bogotá
11266551,Bogotá
11266921,Bogotá
11266961,Bogotá
11267621,Bogotá
11267621,Bogotá
11268181,Bogotá
11268801,Bogotá
11268801,Bogotá
11268811,Bogotá
11269361,Bogotá
11269361,Bogotá
11269531,Bogotá
11269551,Bogotá
11269601,Bogotá
11269821,Bogotá
11269871,Bogotá
11269871,Bogotá
11270781,Bogotá
11271111,Bogotá
11271121,Bogotá
11271791,Bogotá
11271971,Bogotá
11272121,Bogotá
11272951,Bogotá
11273341,Bogotá
11273421,Bogotá
11273701,Bogotá
11273741,Bogotá
11274231,Bogotá
11274391,Bogotá
11274911,Bogotá
11275581,Bogotá
11275751,Bogotá
11275941,Bogotá
11276201,Bogotá
11276271,Bogotá
11276271,Bogotá
11276271,Bogotá
11276431,Bogotá
11276451,Bogotá
11277661,Bogotá
11277711,Bogotá
11277791,Bogotá
11278431,Bogotá
11278601,Bogotá
11278741,Bogotá
11278761,Bogotá
11278911,Bogotá
11279001,Bogotá
11279841,Bogotá
11280571,Bogotá
11280621,Bogotá
11280951,Bogotá
11281431,Bogotá
11281431,Bogotá
11282221,Bogotá
11282251,Bogotá
11282871,Bogotá
11283231,Bogotá
11283421,Bogotá
11283481,Bogotá
11283621,Bogotá
11284111,Bogotá
11284161,Bogotá
11284451,Bogotá
11284461,Bogotá
11284571,Bogotá
11285241,Bogotá
11285491,Bogotá
11285651,Bogotá
11286101,Bogotá
11286171,Bogotá
11287401,Bogotá
11287431,Bogotá
11287521,Bogotá
11288301,Bogotá
11288591,Bogotá
11289011,Bogotá
11289231,Bogotá
11289601,Bogotá
11289711,Bogotá
11290011,Bogotá
11290021,Bogotá
11290061,Bogotá
11290061,Bogotá
11290071,Bogotá
11290281,Bogotá
11290351,Bogotá
11291551,Bogotá
11291801,Bogotá
11292401,Bogotá
11292851,Bogotá
11292981,Bogotá
11293161,Bogotá
11293421,Bogotá
11293631,Bogotá
11294521,Bogotá
11294921,Bogotá
11295001,Bogotá
11295401,Bogotá
11295631,Bogotá
11295831,Bogotá
11295971,Bogotá
11296891,Bogotá
11297051,Bogotá
11297301,Bogotá
11297451,Bogotá
11297941,Bogotá
11298881,Bogotá
11299291,Bogotá
11299301,Bogotá
11299301,Bogotá
11353921,Bogotá
11354321,Bogotá
11354321,Bogotá
11354321,Bogotá
11354381,Bogotá
11354451,Bogotá
11354481,Bogotá
11354531,Bogotá
11354531,Bogotá
11354551,Bogotá
11354711,Bogotá
11354761,Bogotá
11354801,Bogotá
11355281,Bogotá
11355321,Bogotá
11355511,Bogotá
11355631,Bogotá
11356011,Bogotá
11356101,Bogotá
11356131,Bogotá
11356311,Bogotá
11356411,Bogotá
11356641,Bogotá
11357181,Bogotá
11357531,Bogotá
11357561,Bogotá
11357751,Bogotá
11357811,Bogotá
11358051,Bogotá
11358061,Bogotá
11358071,Bogotá
11358221,Bogotá
11358451,Bogotá
11358601,Bogotá
11359311,Bogotá
11359371,Bogotá
11359451,Bogotá
11359491,Bogotá
11360291,Bogotá
11360311,Bogotá
11361201,Bogotá
11361361,Bogotá
11363391,Bogotá
11363631,Bogotá
11363681,Bogotá
11363681,Bogotá
11363681,Bogotá
11364931,Bogotá
11365071,Bogotá
11365291,Bogotá
11365571,Bogotá
11365651,Bogotá
11366161,Bogotá
11366231,Bogotá
11366231,Bogotá
11366711,Bogotá
11366731,Bogotá
11367251,Bogotá
11367281,Bogotá
11367281,Bogotá
11367281,Bogotá
11367311,Bogotá
11367411,Bogotá
11367701,Bogotá
11367751,Bogotá
11367751,Bogotá
11368341,Bogotá
11368431,Bogotá
11368541,Bogotá
11368541,Bogotá
11368551,Bogotá
11368631,Bogotá
11368651,Bogotá
11368851,Bogotá
11368851,Bogotá
11369011,Bogotá
11369241,Bogotá
11369251,Bogotá
11369301,Bogotá
11369951,Bogotá
11369961,Bogotá
11370001,Bogotá
11370281,Bogotá
11370371,Bogotá
11370571,Bogotá
11370591,Bogotá
11370611,Bogotá
11370701,Bogotá
11370721,Bogotá
11370881,Bogotá
11370891,Bogotá
11370941,Bogotá
11371191,Bogotá
11372161,Bojacá
11372171,La Calera
11372181,Madrid
11372331,Medellín
11372771,Mosquera
11373271,Sopo
11373331,El Rosal
11373501,Chía
11373641,Fusagasugá
11373871,La Calera
11373941,Facatativa
11374691,La Calera
11374711,Fusagasugá
11374711,Fusagasugá
11374751,Fusagasugá
11375221,Chía
11375491,Gachancipá
11375491,Gachancipá
11375521,Gachancipá
11375871,Chía
11376051,Subachoque
11376361,Tocancipá
11376421,Sopo
11376421,Sopo
11376661,La Calera
11377171,Sopo
11385141,Bogotá
11385231,Bogotá
11385361,Bogotá
11386021,Bogotá
11386321,Bogotá
11386421,Bogotá
11386551,Bogotá
11386671,Bogotá
11386801,Bogotá
11387331,Bogotá
11387541,Bogotá
11387541,Bogotá
11387551,Bogotá
11387781,Bogotá
11387911,Bogotá
11387931,Bogotá
11387971,Bogotá
11387971,Bogotá
11388501,Bogotá
11388581,Bogotá
11388861,Bogotá
11389021,Bogotá
11389311,Bogotá
11389491,Bogotá
11389631,Bogotá
11389881,Bogotá
11390191,Bogotá
11390241,Bogotá
11390671,Bogotá
11390821,Bogotá
11392561,Bogotá
11392591,Bogotá
11392791,Bogotá
11392891,Bogotá
11393231,Bogotá
11393271,Bogotá
11393611,Bogotá
11393621,Bogotá
11393711,Bogotá
11393931,Bogotá
11394081,Bogotá
11394141,Bogotá
11394281,Bogotá
11394461,Bogotá
11394601,Bogotá
11395182,Bogotá
11395421,Bogotá
11395491,Bogotá
11395491,Bogotá
11395711,Bogotá
11395821,Bogotá
11395851,Bogotá
11396211,Bogotá
11396271,Bogotá
11396471,Bogotá
11396481,Bogotá
11396551,Bogotá
11396651,Bogotá
11396931,Bogotá
11396941,Bogotá
11396971,Bogotá
11397201,Bogotá
11397261,Bogotá
11397471,Bogotá
11397551,Bogotá
11397621,Bogotá
11397631,Bogotá
11397771,Bogotá
11397911,Bogotá
11397911,Bogotá
11397951,Bogotá
11398001,Bogotá
11398181,Bogotá
11398341,Bogotá
11398531,Bogotá
11398631,Bogotá
11398711,Bogotá
11398711,Bogotá
11398771,Bogotá
11399031,Bogotá
11399271,Bogotá
11399331,Bogotá
11399431,Bogotá
11399521,Bogotá
11399781,Bogotá
11399811,Bogotá
11400141,Bogotá
11400231,Bogotá
11400491,Bogotá
11400491,Bogotá
11400831,Bogotá
11400831,Bogotá
11400921,Bogotá
11400961,Bogotá
11401211,Bogotá
11401281,Bogotá
11401321,Bogotá
11401761,Bogotá
11401871,Bogotá
11401941,Bogotá
11402491,Bogotá
11402501,Bogotá
11402561,Bogotá
11402711,Bogotá
11402791,Bogotá
11402851,Bogotá
11402971,Bogotá
11403381,Bogotá
11403771,Bogotá
11403781,Bogotá
11403791,Bogotá
11404011,Bogotá
11404061,Bogotá
11404141,Bogotá
11404251,Bogotá
11404261,Bogotá
11404291,Bogotá
11404311,Bogotá
11404361,Bogotá
11404671,Bogotá
11404691,Bogotá
11404701,Bogotá
11404721,Bogotá
11404731,Bogotá
11404751,Bogotá
11404951,Bogotá
11404981,Bogotá
11405221,Bogotá
11405571,Bogotá
11405581,Bogotá
11433421,Bogotá
11433611,Bogotá
11433631,Chía
11433781,Chía
11434611,Chía
11434681,Chía
11434841,Zipaquirá
11434981,Chía
11435241,Sopo
11435281,El Rosal
11435491,Tabio
11435701,Bojacá
11435721,Bojacá
11435731,Bojacá
11435971,Bojacá
11435981,Bojacá
11436431,La Calera
11436711,La Calera
11436731,Gachancipá
11437571,Madrid
11437731,Subachoque
11437821,Bojacá
11437931,Sopo
11438031,La Calera
11438181,Subachoque
11438421,Tocancipá
11438591,Subachoque
11438891,Gachancipá
11439111,La Calera
11439251,Sopo
11439371,Zipacón
11439531,Zipaquirá
11441272,Chía
11441461,Tenjo
11441471,Tenjo
11441731,Tocancipá
11441921,Subachoque
11442841,Tocancipá
11443941,Tabio
11444511,Tocancipá
11444651,Tocancipá
11444871,Chía
11446931,Medellín
11447041,Sopo
11447721,Funza
11448041,Tenjo
11448261,La Calera
11448551,Tocancipá
11449041,Sibaté
11449231,Chía
11449491,La Calera
11449521,Chía
11449771,Tabio
11449901,Tabio
11449971,Tabio
11449991,Tenjo
11450161,Subachoque
11450191,Subachoque
11450861,Sopo
11451011,Fusagasugá
11451031,Fusagasugá
11451711,La Calera
11451721,La Calera
11451911,Sopo
11451931,Sopo
11452531,Bogotá
11452561,Bogotá
11452781,Bogotá
11452871,Bogotá
11453051,Bogotá
11453201,Bogotá
11453301,Bogotá
11453351,Bogotá
11453361,Bogotá
11453571,Bogotá
11453581,Bogotá
11453811,Bogotá
11453841,Bogotá
11453841,Bogotá
11453841,Bogotá
11453841,Bogotá
11453921,Bogotá
11453941,Bogotá
11453991,Bogotá
11454261,Bogotá
11454271,Bogotá
11454721,Bogotá
11454771,Bogotá
11454831,Bogotá
11454861,Bogotá
11454861,Bogotá
11454921,Bogotá
11455021,Bogotá
11455161,Bogotá
11455241,Bogotá
11455241,Bogotá
11455471,Bogotá
11455481,Bogotá
11455541,Bogotá
11455541,Bogotá
11455621,Bogotá
11455621,Bogotá
11455681,Bogotá
11455761,Bogotá
11455931,Bogotá
11456261,Bogotá
11456281,Bogotá
11456301,Bogotá
11456301,Bogotá
11456311,Bogotá
11459511,Bogotá
11459701,Bogotá
11459841,Bogotá
11459881,Bogotá
11459891,Bogotá
11459971,Bogotá
11460081,Bogotá
11460161,Bogotá
11460251,Bogotá
11460491,Bogotá
11460601,Bogotá
11460651,Bogotá
11460661,Bogotá
11460831,Bogotá
11460971,Bogotá
11461001,Bogotá
11461001,Bogotá
11461041,Bogotá
11461161,Bogotá
11461391,Bogotá
11461391,Bogotá
11461561,Bogotá
11462031,Bogotá
11462351,Bogotá
11462801,Bogotá
11462801,Bogotá
11462841,Bogotá
11462891,Bogotá
11463351,Bogotá
11463911,Bogotá
11463951,Bogotá
11464151,Bogotá
11464161,Bogotá
11464251,Bogotá
11464251,Bogotá
11464361,Bogotá
11464761,Bogotá
11464921,Bogotá
11464951,Bogotá
11464981,Bogotá
11465551,Bogotá
11465601,Bogotá
11465771,Bogotá
11466481,Bogotá
11466561,Bogotá
11466561,Bogotá
11466561,Bogotá
11466941,Bogotá
11466961,Bogotá
11466981,Bogotá
11467121,Bogotá
11467761,Bogotá
11467911,Bogotá
11467961,Bogotá
11468731,Bogotá
11468911,Bogotá
11470071,Bogotá
11470131,Bogotá
11470211,Bogotá
11470581,Bogotá
11470621,Bogotá
11470651,Bogotá
11470711,Bogotá
11470731,Bogotá
11471051,Bogotá
11471101,Bogotá
11471421,Bogotá
11471441,Bogotá
11471501,Bogotá
11471741,Bogotá
11471761,Bogotá
11471911,Bogotá
11472791,Bogotá
11472871,Bogotá
11472881,Bogotá
11472881,Bogotá
11472881,Bogotá
11473761,Bogotá
11473801,Bogotá
11474231,Bogotá
11474271,Bogotá
11474301,Bogotá
11474411,Bogotá
11474451,Bogotá
11475031,Bogotá
11475031,Bogotá
11475031,Bogotá
11476241,Bogotá
11476241,Bogotá
11476241,Bogotá
11476321,Bogotá
11476461,Bogotá
11476771,Bogotá
11476841,Bogotá
11476851,Bogotá
11476891,Bogotá
11477131,Bogotá
11477431,Bogotá
11477771,Bogotá
11477901,Bogotá
11478321,Bogotá
11478931,Bogotá
11479211,Bogotá
11479221,Bogotá
11479351,Bogotá
11479371,Bogotá
11479731,Bogotá
11479921,Bogotá
11480091,Bogotá
11480101,Bogotá
11480191,Bogotá
11480671,Bogotá
11480811,Bogotá
11480861,Bogotá
11480931,Bogotá
11480931,Bogotá
11481291,Bogotá
11481431,Bogotá
11481521,Bogotá
11485061,Bogotá
11485061,Bogotá
11485121,Bogotá
11485131,Bogotá
11485191,Bogotá
11485331,Bogotá
11485441,Bogotá
11485461,Bogotá
11485461,Bogotá
11485531,Bogotá
11485851,Bogotá
11486131,Bogotá
11486441,Bogotá
11486471,Bogotá
11486791,Bogotá
11486851,Bogotá
11487201,Bogotá
11487571,Bogotá
11487771,Bogotá
11487971,Bogotá
11488091,Bogotá
11488101,Bogotá
11488141,Bogotá
11488431,Bogotá
11488571,Bogotá
11488571,Bogotá
11488581,Bogotá
11488921,Bogotá
11488981,Bogotá
11489081,Bogotá
11489341,Bogotá
11489371,Bogotá
11489441,Bogotá
11489491,Bogotá
11489691,Bogotá
11489711,Bogotá
11489941,Bogotá
11489941,Bogotá
11489961,Bogotá
11490221,Bogotá
11490221,Bogotá
11490271,Bogotá
11490611,Bogotá
11490711,Bogotá
11490861,Bogotá
11491001,Bogotá
11491141,Bogotá
11491222,Bogotá
11491231,Bogotá
11491581,Bogotá
11491741,Bogotá
11491781,Bogotá
11492151,Bogotá
11492161,Bogotá
11492161,Bogotá
11492181,Bogotá
11492231,Bogotá
11492231,Bogotá
11492231,Bogotá
11492231,Bogotá
11492591,Bogotá
11492691,Bogotá
11492701,Bogotá
11492841,Bogotá
11492901,Bogotá
11493021,Bogotá
11493091,Bogotá
11493231,Bogotá
11493231,Bogotá
11494551,Bogotá
11494551,Bogotá
11494591,Bogotá
11494621,Bogotá
11494641,Bogotá
11494691,Bogotá
11495201,Bogotá
11495261,Bogotá
11495321,Bogotá
11499431,Bogotá
11499441,Bogotá
11499461,Bogotá
11499771,Bogotá
11499881,Bogotá
11499911,Bogotá
11500411,Bogotá
11500431,Bogotá
11500451,Bogotá
11500871,Bogotá
11500871,Bogotá
11500981,Bogotá
11501161,Bogotá
11501171,Bogotá
11501181,Bogotá
11501211,Bogotá
11501501,Bogotá
11501941,Bogotá
11502041,Bogotá
11502611,Bogotá
11502621,Bogotá
11502931,Bogotá
11503381,Bogotá
11503471,Bogotá
11503491,Bogotá
11503521,Bogotá
11503751,Bogotá
11503761,Bogotá
11503801,Bogotá
11503851,Bogotá
11503861,Bogotá
11504021,Bogotá
11504041,Bogotá
11504041,Bogotá
11504071,Bogotá
11504811,Bogotá
11505031,Bogotá
11505071,Bogotá
11505081,Bogotá
11505151,Bogotá
11505191,Bogotá
11505341,Bogotá
11505381,Bogotá
11505391,Bogotá
11505481,Bogotá
11505531,Bogotá
11505551,Bogotá
11505831,Bogotá
11505901,Bogotá
11505961,Bogotá
11506071,Bogotá
11506211,Bogotá
11506351,Bogotá
11506401,Bogotá
11506451,Bogotá
11506501,Bogotá
11506521,Bogotá
11506521,Bogotá
11506731,Bogotá
11506731,Bogotá
11506901,Bogotá
11507051,Bogotá
11507481,Bogotá
11507531,Bogotá
11507561,Bogotá
11507591,Bogotá
11507621,Bogotá
11507701,Bogotá
11507821,Bogotá
11507841,Bogotá
11507841,Bogotá
11508061,Bogotá
11508101,Bogotá
11508131,Bogotá
11508271,Bogotá
11508301,Bogotá
11508761,Bogotá
11508801,Bogotá
11509211,Bogotá
11509291,Bogotá
11509331,Bogotá
11509331,Bogotá
11509491,Bogotá
11509651,Bogotá
11510161,Bogotá
11510741,Bogotá
11511231,Bogotá
11511241,Bogotá
11511301,Bogotá
11511421,Bogotá
11511581,Bogotá
11511581,Bogotá
11511841,Bogotá
11511851,Bogotá
11511881,Bogotá
11511911,Bogotá
11511941,Bogotá
11511961,Bogotá
11512711,Bogotá
11512741,Bogotá
11513161,Bogotá
11513511,Bogotá
11513511,Bogotá
11513511,Bogotá
11513631,Bogotá
11513641,Bogotá
11513691,Bogotá
11513741,Bogotá
11514191,Bogotá
11514341,Bogotá
11514451,Bogotá
11514551,Bogotá
11514661,Bogotá
11514741,Bogotá
11514781,Bogotá
11514801,Bogotá
11514951,Bogotá
11515051,Bogotá
11515211,Bogotá
11515211,Bogotá
11515221,Bogotá
11515241,Bogotá
11515361,Bogotá
11515531,Bogotá
11516761,Bogotá
11516861,Bogotá
11516931,Bogotá
11517011,Bogotá
11517021,Bogotá
11517311,Bogotá
11517311,Bogotá
11517531,Bogotá
11517551,Bogotá
11517671,Bogotá
11517901,Bogotá
11517921,Bogotá
11518101,Bogotá
11518271,Bogotá
11518981,Bogotá
11519051,Bogotá
11519511,Bogotá
11519571,Bogotá
11520091,Bogotá
11521491,Bogotá
11521621,Bogotá
11521721,Bogotá
11521871,Bogotá
11521911,Bogotá
11522161,Bogotá
11522541,Zipaquirá
11522701,Soacha
11522751,Soacha
11523761,Facatativa
11523781,La Calera
11524771,Tocancipá
11524851,Facatativa
11525051,Tabio
11525081,Facatativa
11525191,Tabio
11525831,Chía
11526121,Tocancipá
11526211,Subachoque
11526481,Tocancipá
11526611,La Calera
11527721,Tenjo
11527861,Soacha
11528461,Facatativa
11528471,Chía
11528961,Gachancipá
11529091,La Calera
11529601,Chía
11529881,Chía
11529921,Subachoque
11530211,Cota
11530211,Cota
11530241,Cota
11530241,Cota
11530271,La Calera
11530441,La Calera
11530501,Subachoque
11530591,Sopo
11530701,La Calera
11530741,Madrid
11530931,Tocancipá
11531051,Tocancipá
11531661,El Rosal
11531731,Sopo
11531911,Sibaté
11533681,Tocancipá
11533851,Tocancipá
11534541,Chía
11534621,Tocancipá
11535131,Subachoque
11535391,Bogotá
11535431,Bogotá
11535511,Bogotá
11535511,Bogotá
11535511,Bogotá
11535511,Bogotá
11535581,Bogotá
11535621,Bogotá
11535621,Bogotá
11535721,Bogotá
11535871,Bogotá
11535891,Bogotá
11535921,Bogotá
11535991,Bogotá
11536161,Bogotá
11536171,Bogotá
11536341,Bogotá
11536441,Bogotá
11536461,Bogotá
11536471,Bogotá
11536481,Bogotá
11536811,Bogotá
11536821,Bogotá
11536831,Bogotá
11537231,Bogotá
11537822,Bogotá
11537822,Bogotá
11538161,Bogotá
11538231,Bogotá
11538341,Bogotá
11538391,Bogotá
11538391,Bogotá
11538841,Bogotá
11538951,Bogotá
11539091,Bogotá
11539261,Bogotá
11539321,Bogotá
11539621,Bogotá
11539871,Bogotá
11540021,Bogotá
11540181,Bogotá
11540371,Bogotá
11540671,Bogotá
11540711,Bogotá
11541601,Bogotá
11542131,Bogotá
11542401,Bogotá
11542551,Bogotá
11542551,Bogotá
11542551,Bogotá
11542701,Bogotá
11543001,Bogotá
11543011,Bogotá
11543381,Bogotá
11543411,Bogotá
11543541,Bogotá
11543761,Bogotá
11543841,Bogotá
11543851,Bogotá
11544041,Bogotá
11544051,Bogotá
11544331,Bogotá
11544441,Bogotá
11544531,Bogotá
11544591,Bogotá
11544611,Bogotá
11544611,Bogotá
11544671,Bogotá
11544781,Bogotá
11544781,Bogotá
11544821,Bogotá
11545841,Bogotá
11545971,Bogotá
11546021,Bogotá
11546151,Bogotá
11546251,Bogotá
11546491,Bogotá
11546621,Bogotá
11546661,Bogotá
11546661,Bogotá
11546661,Bogotá
11546721,Bogotá
11546721,Bogotá
11546721,Bogotá
11546761,Bogotá
11546801,Bogotá
11547061,Bogotá
11547421,Bogotá
11547731,Bogotá
11547751,Bogotá
11548071,Bogotá
11548091,Bogotá
11548091,Bogotá
11548091,Bogotá
11548311,Bogotá
11548491,Bogotá
11548521,Bogotá
11548541,Bogotá
11548601,Bogotá
11548601,Bogotá
11548821,Bogotá
11550051,Bogotá
11550281,Bogotá
11550481,Bogotá
11550481,Bogotá
11550521,Bogotá
11550631,Bogotá
11550981,Bogotá
11550991,Bogotá
11550991,Bogotá
11551021,Bogotá
11551151,Bogotá
11551231,Bogotá
11551291,Bogotá
11551291,Bogotá
11551301,Bogotá
11551431,Bogotá
11551671,Bogotá
11551681,Bogotá
11551711,Bogotá
11551831,Bogotá
11551831,Bogotá
11551831,Bogotá
11551881,Bogotá
11552131,Bogotá
11552201,Bogotá
11552251,Bogotá
11552691,Bogotá
11552981,Bogotá
11553651,Bogotá
11554091,Bogotá
11554101,Bogotá
11554861,Bogotá
11554881,Bogotá
11554891,Bogotá
11554991,Bogotá
11555111,Bogotá
11555111,Bogotá
11555291,Bogotá
11555391,Bogotá
11555541,Bogotá
11555771,Bogotá
11556181,Bogotá
11556181,Bogotá
11556811,Bogotá
11557631,Bogotá
11558231,Bogotá
11558551,Bogotá
11558601,Bogotá
11558681,Bogotá
11558821,Bogotá
11558901,Bogotá
11559021,Bogotá
11559071,Bogotá
11559601,Bogotá
11560161,Bogotá
11560261,Bogotá
11560361,Bogotá
11560531,Bogotá
11560821,Bogotá
11561031,Bogotá
11562111,Bogotá
11562421,Bogotá
11562531,Bogotá
11562911,Bogotá
11563271,Bogotá
11563401,Bogotá
11563651,Bogotá
11563931,Bogotá
11564161,Bogotá
11564191,Bogotá
11564441,Bogotá
11564651,Bogotá
11564661,Bogotá
11564841,Bogotá
11564991,Bogotá
11565021,Bogotá
11565771,Bogotá
11565771,Bogotá
11565781,Bogotá
11565801,Bogotá
11565811,Bogotá
11565811,Bogotá
11565851,Bogotá
11565861,Bogotá
11565881,Bogotá
11565911,Bogotá
11565911,Bogotá
11565921,Bogotá
11565941,Bogotá
11565941,Bogotá
11565951,Bogotá
11565951,Bogotá
11565971,Bogotá
11565981,Bogotá
11565981,Bogotá
11566001,Bogotá
11566011,Bogotá
11566031,Bogotá
11566031,Bogotá
11566161,Bogotá
11566231,Bogotá
11566751,Bogotá
11566911,Bogotá
11566931,Bogotá
11567161,Bogotá
11567181,Bogotá
11567381,Bogotá
11567721,Bogotá
11567851,Bogotá
11567911,Bogotá
11568011,Bogotá
11568011,Bogotá
11568021,Bogotá
11568141,Bogotá
11568201,Bogotá
11568391,Bogotá
11568411,Bogotá
11568431,Bogotá
11568461,Bogotá
11568501,Bogotá
11568501,Bogotá
11568971,Bogotá
11569361,Bogotá
11569421,Bogotá
11569451,Bogotá
11569561,Bogotá
11569821,Bogotá
11570061,Bogotá
11570081,Bogotá
11570171,Bogotá
11570211,Bogotá
11570841,Bogotá
11571031,Bogotá
11571031,Bogotá
11571081,Bogotá
11571261,Bogotá
11571331,Bogotá
11571351,Bogotá
11571411,Bogotá
11571441,Bogotá
11571492,Bogotá
11571493,Bogotá
11571521,Bogotá
11571531,Bogotá
11571591,Bogotá
11571891,Bogotá
11571931,Bogotá
11572411,Bogotá
11572601,Bogotá
11572981,Bogotá
11573131,Bogotá
11573401,Bogotá
11573631,Bogotá
11573941,Bogotá
11574151,Bogotá
11574261,Bogotá
11574291,Bogotá
11574311,Bogotá
11574451,Bogotá
11574541,Bogotá
11574561,Bogotá
11574601,Bogotá
11574651,Bogotá
11574671,Bogotá
11574711,Bogotá
11574711,Bogotá
11574821,Bogotá
11575141,Bogotá
11575471,Bogotá
11576051,Bogotá
11576101,Bogotá
11576231,Bogotá
11576241,Bogotá
11576261,Bogotá
11576281,Bogotá
11576331,Bogotá
11577111,Bogotá
11577131,Bogotá
11577261,Bogotá
11577361,Bogotá
11578001,Bogotá
11578001,Bogotá
11578041,Bogotá
11578091,Bogotá
11578251,Bogotá
11578441,Bogotá
11578701,Bogotá
11579091,Bogotá
11579331,Bogotá
11579441,Bogotá
11579611,Bogotá
11579611,Bogotá
11579811,Bogotá
11579881,Bogotá
11579991,Bogotá
11580001,Bogotá
11580351,Bogotá
11580431,Bogotá
11580851,Bogotá
11581121,Bogotá
11581661,Bogotá
11582131,Bogotá
11582201,Bogotá
11582311,Bogotá
11582341,Bogotá
11582401,Bogotá
11582451,Bogotá
11582761,Bogotá
11582811,Bogotá
11582961,Bogotá
11582971,Bogotá
11583311,Bogotá
11583321,Bogotá
11583531,Bogotá
11583551,Bogotá
11583911,Bogotá
11583911,Bogotá
11583951,Bogotá
11584451,Bogotá
11584761,Bogotá
11584761,Bogotá
11585021,Bogotá
11585091,Bogotá
11585541,Bogotá
11585621,Bogotá
11585701,Bogotá
11585951,Bogotá
11585981,Bogotá
11586031,Bogotá
11586091,Bogotá
11586361,Bogotá
11586481,Bogotá
11586921,Bogotá
11587161,Bogotá
11587801,Bogotá
11587951,Bogotá
11587951,Bogotá
11588551,Bogotá
11588691,Bogotá
11588901,Bogotá
11589351,Bogotá
11589531,Bogotá
11589531,Bogotá
11589911,Bogotá
11589991,Bogotá
11590211,Bogotá
11590311,Bogotá
11590311,Bogotá
11590331,Bogotá
11590371,Bogotá
11590381,Bogotá
11590431,Bogotá
11590611,Bogotá
11590621,Bogotá
11590631,Bogotá
11590731,Bogotá
11590821,Bogotá
11591401,Bogotá
11591471,Sopo
11591681,Gachancipá
11591811,Zipacón
11591811,Zipacón
11591811,Zipacón
11591811,Zipacón
11591911,Sibaté
11592021,Gachancipá
11592261,Gachancipá
11592321,Gachancipá
11592361,Gachancipá
11592571,Gachancipá
11592941,Gachancipá
11593241,Funza
11593261,Funza
11593471,Medellín
11593491,Medellín
11593491,Medellín
11593711,Gachancipá
11594091,La Calera
11594711,Mosquera
11594781,Mosquera
11595291,Mosquera
11595621,Madrid
11595761,Subachoque
11596041,La Calera
11596071,La Calera
11596161,Gachancipá
11596881,Bojacá
11596931,Bojacá
11597451,Bojacá
11598011,Tocancipá
11598061,La Calera
11598211,Bojacá
11598271,Bojacá
11598431,Sopo
11598441,Sopo
11598471,Medellín
11599581,Bojacá
11600081,La Calera
11600081,La Calera
11600101,La Calera
11600141,Soacha
11600141,Soacha
11600141,Soacha
11600591,Chía
11600971,Bogotá
11601541,Bogotá
11601791,Bogotá
11602121,Bogotá
11602491,Bogotá
11602811,Bogotá
11602871,Bogotá
11602891,Bogotá
11602922,Bogotá
11603231,Bogotá
11603451,Bogotá
11603451,Bogotá
11603981,Bogotá
11604081,Bogotá
11604181,Bogotá
11604181,Bogotá
11604281,Bogotá
11604351,Bogotá
11604501,Bogotá
11604761,Bogotá
11604841,Bogotá
11605181,Bogotá
11605191,Bogotá
11605401,Bogotá
11605491,Bogotá
11605551,Bogotá
11605771,Bogotá
11605791,Bogotá
11605971,Bogotá
11606111,Bogotá
11606211,Bogotá
11606471,Bogotá
11606961,Bogotá
11606971,Bogotá
11607051,Bogotá
11607071,Bogotá
11607121,Bogotá
11607121,Bogotá
11607191,Bogotá
11607401,Bogotá
11607531,Bogotá
11607701,Bogotá
11607721,Bogotá
11607731,Bogotá
11607821,Bogotá
11607831,Bogotá
11607941,Bogotá
11608021,Bogotá
11608021,Bogotá
11608111,Bogotá
11608181,Bogotá
11608251,Bogotá
11608331,Bogotá
11608501,Bogotá
11608801,Bogotá
11609151,Bogotá
11609261,Bogotá
11609831,Bogotá
11609871,Bogotá
11609951,Bogotá
11609961,Bogotá
11609961,Bogotá
11610341,Bogotá
11610341,Bogotá
11610351,Bogotá
11610381,Bogotá
11610991,Bogotá
11611011,Bogotá
11611211,Bogotá
11611281,Bogotá
11611391,Bogotá
11611441,Bogotá
11611711,Bogotá
11611801,Bogotá
11611981,Bogotá
11612661,Bogotá
11612731,Bogotá
11612751,Bogotá
11612761,Bogotá
11612781,Bogotá
11612811,Bogotá
11613131,Bogotá
11613531,Bogotá
11614101,Bogotá
11614141,Bogotá
11614181,Bogotá
11614231,Bogotá
11614321,Bogotá
11614351,Bogotá
11614671,Bogotá
11614761,Bogotá
11614801,Bogotá
11614821,Bogotá
11614871,Bogotá
11614951,Bogotá
11615071,Bogotá
11615381,Bogotá
11615481,Bogotá
11615651,Bogotá
11616001,Bogotá
11616301,Bogotá
11616581,Bogotá
11616631,Bogotá
11617071,Bogotá
11617251,Bogotá
11617291,Bogotá
11617331,Bogotá
11617471,Bogotá
11617611,Bogotá
11617701,Bogotá
11617741,Bogotá
11617741,Bogotá
11617901,Bogotá
11618071,Bogotá
11618401,Bogotá
11619241,Bogotá
11619411,Bogotá
11619681,Bogotá
11620011,Bogotá
11620141,Bogotá
11620261,Bogotá
11620271,Bogotá
11620281,Bogotá
11620511,Bogotá
11620941,Bogotá
11620941,Bogotá
11621191,Bogotá
11622231,Bogotá
11622271,Bogotá
11622461,Bogotá
11622611,Bogotá
11622801,Bogotá
11622891,Bogotá
11622961,Bogotá
11623061,Bogotá
11623091,Bogotá
11623251,Bogotá
11623671,Bogotá
11623761,Bogotá
11623851,Bogotá
11624301,Subachoque
11625671,Gachancipá
11626491,Subachoque
11626491,Subachoque
11626521,Gachancipá
11626961,Chía
11627181,La Calera
11627251,Chía
11627281,Chía
11627291,Chía
11627711,La Calera
11627881,Chía
11628031,Subachoque
11628041,Subachoque
11628121,Subachoque
11628131,Subachoque
11628361,La Calera
11628371,La Calera
11628721,La Calera
11629061,Tabio
11629251,Tabio
11629261,Tabio
11629281,Tabio
11629741,La Calera
11629751,La Calera
11629771,La Calera
11629861,La Calera
11629871,La Calera
11629981,La Calera
11629991,La Calera
11630021,La Calera
11630021,La Calera
11630591,Chía
11631221,Tocancipá
11631241,Tocancipá
11631281,Tenjo
11631451,Tocancipá
11631471,Tocancipá
11631771,Funza
11632081,Zipaquirá
11632261,Chía
11632331,Chía
11632441,Bogotá
11632841,Bogotá
11632912,Bogotá
11632971,Bogotá
11633301,Bogotá
11633351,Bogotá
11635641,Bogotá
11636511,Bogotá
11636541,Bogotá
11636621,Bogotá
11636641,Bogotá
11637141,Bogotá
11637421,Bogotá
11637511,Bogotá
11637631,Bogotá
11637751,Bogotá
11637811,Bogotá
11638631,Bogotá
11638771,Bogotá
11638771,Bogotá
11638941,Bogotá
11639231,Bogotá
11639511,Bogotá
11639541,Bogotá
11639561,Bogotá
11640021,Bogotá
11640171,Bogotá
11640891,Bogotá
11640921,Bogotá
11640981,Bogotá
11641021,Bogotá
11641081,Bogotá
11641261,Bogotá
11641311,Bogotá
11641381,Bogotá
11641741,Bogotá
11641981,Bogotá
11641981,Bogotá
11642091,Bogotá
11642251,Bogotá
11642421,Bogotá
11642431,Bogotá
11642721,Bogotá
11642791,Bogotá
11643421,Bogotá
11643501,Bogotá
11643581,Bogotá
11643621,Bogotá
11643791,Bogotá
11643911,Bogotá
11644081,Bogotá
11644081,Bogotá
11644181,Bogotá
11644191,Bogotá
11644441,Bogotá
11644671,Bogotá
11644721,Bogotá
11645121,Bogotá
11645221,Bogotá
11645231,Bogotá
11645261,Bogotá
11645311,Bogotá
11645391,Bogotá
11645401,Bogotá
11645411,Bogotá
11645421,Bogotá
11645451,Bogotá
11645581,Bogotá
11645611,Bogotá
11645611,Bogotá
11645741,Bogotá
11645851,Bogotá
11646541,Bogotá
11646681,Bogotá
11646701,Bogotá
11646771,Bogotá
11646961,Bogotá
11646961,Bogotá
11646981,Bogotá
11647021,Bogotá
11647071,Bogotá
11647251,Bogotá
11647341,Bogotá
11647471,Bogotá
11647521,Bogotá
11647741,Bogotá
11648181,Bogotá
11648361,Bogotá
11648361,Bogotá
11648521,Bogotá
11648531,Bogotá
11648601,Bogotá
11649671,Bogotá
11649751,Bogotá
11649791,Bogotá
11650231,Bogotá
11650531,Bogotá
11651221,Bogotá
11651801,Bogotá
11651851,Bogotá
11651951,Bogotá
11652041,Bogotá
11652041,Bogotá
11652151,Bogotá
11652191,Bogotá
11652191,Bogotá
11652201,Bogotá
11652291,Bogotá
11652331,Bogotá
11652641,Bogotá
11652771,Bogotá
11652841,Bogotá
11653241,Bogotá
11654581,Bogotá
11654981,Bogotá
11655231,Bogotá
11655281,Bogotá
11655391,Bogotá
11655401,Bogotá
11655421,Bogotá
11655771,Bogotá
11655841,Bogotá
11656041,Bogotá
11656091,Bogotá
11656091,Bogotá
11656321,Bogotá
11656341,Bogotá
11657471,Bogotá
11657871,Bogotá
11658521,Bogotá
11658791,Bogotá
11658841,Bogotá
11658841,Bogotá
11658881,Bogotá
11659241,Bogotá
11659331,Bogotá
11659571,Bogotá
11659641,Bogotá
11659781,Bogotá
11661781,Bogotá
11661781,Bogotá
11662134,Bogotá
11662134,Bogotá
11662181,Bogotá
11662401,Bogotá
11662611,Bogotá
11663141,Bogotá
11663351,Bogotá
11663801,Bogotá
11684951,Bogotá
11685031,Bogotá
11685811,Bogotá
11687231,Bogotá
11687291,Bogotá
11689801,Bogotá
11690271,Bogotá
11690621,Bogotá
11690961,Bogotá
11691301,Bogotá
11691611,Bogotá
11692011,Bogotá
11692141,Bogotá
11692141,Bogotá
11692191,Bogotá
11692361,Bogotá
11693121,Bogotá
11693321,Bogotá
11694381,Bogotá
11694381,Bogotá
11694811,Bogotá
11695681,Bogotá
11696291,Bogotá
11696731,Bogotá
11697291,Bogotá
11699491,Bogotá
11699601,Bogotá
11700221,Bogotá
11700331,Bogotá
11700331,Bogotá
11701961,Bogotá
11702261,Bogotá
11702411,Bogotá
11703611,Bogotá
11703711,Bogotá
11703811,Bogotá
13885791,Bogotá
14568941,Bogotá
14569741,Bogotá
14569761,Bogotá
14569831,Bogotá
14569991,Bogotá
14570391,Bogotá
14570671,Bogotá
14570861,Bogotá
14571241,Bogotá
14571291,Bogotá
14572991,Bogotá
14573971,Bogotá
14574441,Bogotá
14580201,Bogotá
14581581,Bogotá
14582681,Bogotá
14582721,Bogotá
14921531,Bogotá
14958661,Bogotá
15024151,Bogotá
16514731,Bogotá
16644881,Bogotá
16644881,Bogotá
16644881,Bogotá
16644951,Bogotá
16644951,Bogotá
16655991,Bogotá
16656131,Bogotá
16657381,Bogotá
16668941,Bogotá
16668941,Bogotá
16773961,Bogotá
16804791,Bogotá
16805081,Bogotá
16977611,Sibaté
16977731,Facatativa
16992481,Tocancipá
16994521,Mosquera
16995131,Chía
16995131,Chía
17073601,Bogotá
17073601,Bogotá
17108901,Bogotá
17109101,Bogotá
17109101,Bogotá
17109921,Bogotá
17118581,Bogotá
17118671,Bogotá
17118781,Bogotá
17118811,Bogotá
17118811,Bogotá
17118891,Bogotá
17118931,Bogotá
17118972,Bogotá
17119351,Bogotá
17119401,Bogotá
17119421,Bogotá
17119451,Bogotá
17119551,Bogotá
17119721,Bogotá
17119971,Bogotá
17120071,Bogotá
17120141,Bogotá
17120231,Bogotá
17120291,Bogotá
17120441,Bogotá
17120511,Bogotá
17120681,Bogotá
17120871,Bogotá
17121081,Bogotá
17121301,Bogotá
17121321,Bogotá
17121381,Bogotá
17121481,Bogotá
17121621,Bogotá
17121631,Bogotá
17121691,Bogotá
17121691,Bogotá
17122011,Bogotá
17122221,Bogotá
17122261,Bogotá
17122261,Bogotá
17122271,Bogotá
17310821,Bogotá
17310891,Bogotá
17310971,Bogotá
17311451,Bogotá
17313901,Bogotá
17314781,Bogotá
17314781,Bogotá
17314801,Bogotá
17315381,Bogotá
17720501,Tabio
17726571,Tabio
17726571,Tabio
17726701,Cota
17726801,Medellín
17726951,Facatativa
17727081,Madrid
17761171,Bogotá
17761351,Bogotá
17761441,Bogotá
17761441,Bogotá
17761741,Bogotá
17762151,Bogotá
17762271,Bogotá
17762491,Bogotá
17762791,Bogotá
17763131,Bogotá
17763151,Bogotá
17763161,Bogotá
17763471,Bogotá
17763921,Bogotá
17763991,Bogotá
17764201,Bogotá
17764911,Bogotá
17765211,Bogotá
17765531,Bogotá
17765671,Bogotá
17765751,Bogotá
17765791,Bogotá
17766521,Bogotá
17814371,Bogotá
17826261,Bogotá
17827641,Sibaté
17835851,Bogotá
17836971,Bogotá
17837981,Bogotá
17838051,Bogotá
17838091,Bogotá
17838351,Bogotá
17838431,Bogotá
17839161,Bogotá
17839901,Bogotá
17839921,Bogotá
17839951,Bogotá
17840031,Bogotá
17840061,Bogotá
17840131,Bogotá
17840171,Bogotá
17840211,Bogotá
17841841,Bogotá
17841841,Bogotá
17842741,Bogotá
18002211,Bogotá
18114741,Bogotá
18147421,Bogotá
18147851,Bogotá
18154571,Medellín
18154571,Medellín
18179711,Bogotá
18179971,Bogotá
18191971,Bogotá
18236521,Bogotá
18353981,Bogotá
18412311,Bogotá
18412531,Bogotá
18412531,Bogotá
18412601,Bogotá
18459821,Bogotá
18459821,Bogotá
18706911,Zipaquirá
18707531,Medellín
18707691,Tocancipá
18707701,La Calera
18707981,Facatativa
18708881,El Rosal
18709251,Tocancipá
18709431,Cota
18709451,Cota
18709841,Cota
18710021,Mosquera
18710061,Facatativa
18710321,Chía
18710391,Soacha
18710632,Bogotá
18710811,Bogotá
18711091,Bogotá
18711241,Bogotá
18711521,Bogotá
18711561,Bogotá
18712601,Bogotá
18712621,Bogotá
18712681,Bogotá
18712891,Bogotá
18712891,Bogotá
18712981,Bogotá
18713921,Bogotá
18714391,Bogotá
18714391,Bogotá
18714441,Bogotá
18714481,Bogotá
18714491,Bogotá
18714511,Bogotá
18714521,Bogotá
18714521,Bogotá
18714541,Bogotá
18715141,Bogotá
18715161,Bogotá
18715181,Bogotá
18715311,Bogotá
18715541,Bogotá
18715601,Bogotá
18715761,Bogotá
18715961,Bogotá
18716261,Bogotá
18716381,Bogotá
18716461,Bogotá
18716491,Bogotá
18716561,Bogotá
18716611,Bogotá
18717131,Bogotá
18717281,Bogotá
18717691,Bogotá
18717961,Bogotá
18718201,Bogotá
18718241,Bogotá
18718331,Bogotá
18718391,Bogotá
18718391,Bogotá
18718611,Bogotá
18718641,Bogotá
18718761,Bogotá
18718771,Bogotá
18718851,Bogotá
18719291,Bogotá
18719331,Bogotá
18719391,Bogotá
18719471,Bogotá
18720091,Bogotá
18720351,Bogotá
18720461,Bogotá
18720641,Bogotá
18720971,Bogotá
18721051,Bogotá
18721311,Bogotá
18721361,Bogotá
18722741,Bogotá
18722871,Bogotá
18723431,Bogotá
18723631,Bogotá
18723881,Bogotá
18724131,Bogotá
18724201,Bogotá
18724591,Bogotá
18725021,Bogotá
18725021,Bogotá
18725351,Bogotá
18725711,Bogotá
18726071,Bogotá
18726411,Bogotá
18726471,Bogotá
18726571,Bogotá
18727131,Bogotá
18727421,Bogotá
18727531,Bogotá
18727931,Bogotá
18728081,Bogotá
18728381,Bogotá
18728421,Bogotá
18728481,Bogotá
18728521,Bogotá
18728621,Bogotá
18728621,Bogotá
18728711,Bogotá
18728811,Bogotá
18728821,Bogotá
18728831,Bogotá
18728911,Bogotá
18729561,Bogotá
18729581,Bogotá
18729631,Bogotá
18729631,Bogotá
18729671,Bogotá
18729811,Bogotá
18729841,Bogotá
18729921,Bogotá
18729931,Bogotá
18729961,Bogotá
18730021,Bogotá
18730361,Bogotá
18730741,Bogotá
18730801,Bogotá
18730851,Bogotá
18731111,Bogotá
18731301,Bogotá
18731621,Bogotá
18731821,Bogotá
18732231,Bogotá
18732251,Bogotá
18732301,Bogotá
18732301,Bogotá
18732301,Bogotá
18732301,Bogotá
18732391,Bogotá
18733031,Bogotá
18733951,Sibaté
18734641,Tenjo
18734981,Madrid
18735331,La Calera
18735411,Bojacá
18735471,Madrid
18735951,Fusagasugá
18736201,Tocancipá
18736271,Fusagasugá
18736321,Fusagasugá
18736471,Facatativa
18736481,Tocancipá
18736971,Subachoque
18737071,Subachoque
18737261,Gachancipá
18737521,Sopo
18737541,Medellín
18737551,Sopo
18737781,Medellín
18971821,Bogotá
18999471,Bogotá
18999541,Bogotá
19014961,Sopo
19084411,Sopo
19085711,Zipaquirá
19086801,Cota
19091181,Tabio
19091181,Tabio
19098941,Bogotá
19100321,Bogotá
19101991,Bogotá
19107171,Bogotá
19110111,Bogotá
19111131,Bogotá
19111441,Bogotá
19111451,Bogotá
19111451,Bogotá
19123341,Bogotá
19126081,Bogotá
19126181,Bogotá
19126271,Bogotá
19126611,Bogotá
19126881,Bogotá
19128171,Bogotá
19130141,Bogotá
19132501,Bogotá
19132621,Bogotá
19134411,Bogotá
19135731,Bogotá
19137621,Bogotá
19139061,Bogotá
19153361,La Calera
19155031,La Calera
19155031,La Calera
19157061,Tabio
19158191,Chía
19161471,Sibaté
19161661,Facatativa
19162031,Bogotá
19162031,Bogotá
19162131,Bogotá
19162131,Bogotá
19162131,Bogotá
19163101,Bogotá
19169121,Bogotá
19169841,Bogotá
19172871,Bogotá
19173911,Bogotá
19178111,Bogotá
19179821,Bogotá
19180261,Bogotá
19180381,Bogotá
19180381,Bogotá
19180631,Bogotá
19182391,Bogotá
19183581,Bogotá
19185231,Bogotá
19185861,Bogotá
19186821,Bogotá
19191761,Bogotá
19192771,Bogotá
19192771,Bogotá
19196821,Bogotá
19198811,Bogotá
19199981,Bogotá
19200311,Bogotá
19200521,Bogotá
19205111,Bogotá
19206011,Bogotá
19206611,Bogotá
19208021,Bogotá
19208301,Bogotá
19208691,Bogotá
19212641,Bogotá
19213521,Bogotá
19213521,Bogotá
19214021,Bogotá
19217201,Bogotá
19261311,Bogotá
19263951,Zipaquirá
19264771,Cota
19264821,Cota
19269311,Sopo
19270661,Mosquera
19271321,Soacha
19271981,Bojacá
19275981,Bogotá
19276061,Bogotá
19276942,Bogotá
19278121,Bogotá
19282251,Bogotá
19282601,Bogotá
19283011,Bogotá
19283191,Bogotá
19284081,Bogotá
19284081,Bogotá
19286901,Bogotá
19287641,Bogotá
19287771,Bogotá
19287841,Bogotá
19288731,Bogotá
19289331,Bogotá
19289401,Bogotá
19292881,Bogotá
19297461,Bogotá
19297461,Bogotá
19297471,Bogotá
19297981,Bogotá
19297981,Bogotá
19298671,Bogotá
19299701,Bogotá
19301111,Bogotá
19301771,Bogotá
19302491,Bogotá
19302641,Bogotá
19302641,Bogotá
19305901,Bogotá
19308221,Bogotá
19308491,Bogotá
19308581,Bogotá
19308581,Bogotá
19309381,Bogotá
19310111,Bogotá
19312411,Bogotá
19312891,Bogotá
19314471,Bogotá
19314801,Bogotá
19315621,Bogotá
19316531,Bogotá
19319271,Bogotá
19319721,Bogotá
19320301,Bogotá
19322351,Bogotá
19323321,Bogotá
19323331,Bogotá
19326941,Bogotá
19328291,Bogotá
19328631,Bogotá
19328651,Bogotá
19330171,Bogotá
19330601,Bogotá
19330911,Bogotá
19935161,Bogotá
21624491,Bogotá
21624541,Bogotá
21624951,Bogotá
21624951,Bogotá
21625691,Bogotá
21626311,Bogotá
21626521,Bogotá
21626921,Bogotá
21659031,Bogotá
21671291,Bogotá
21686091,Bogotá
21686091,Bogotá
21686091,Bogotá
21691101,Bogotá
21707171,Bogotá
21712081,Bogotá
21752311,Bogotá
21754081,La Calera
21818221,Bogotá
21840161,Bogotá
21844871,Sibaté
21845451,Bogotá
21854331,Bojacá
21867131,Bogotá
21867981,Bogotá
21867981,Bogotá
21877101,Bogotá
21878201,Bogotá
21878201,Bogotá
21878201,Bogotá
21881031,Bogotá
21889131,Bogotá
21890221,Bogotá
21890231,Bogotá
21906211,Chía
21911241,Bogotá
21912251,Bogotá
21912311,Bogotá
21912311,Bogotá
21914101,Bogotá
21914171,Bogotá
21914581,Bogotá
21914621,Bogotá
21914881,Bogotá
21916061,Bogotá
21916061,Bogotá
21916571,Bogotá
21916831,Bogotá
21916911,Bogotá
21917161,Bogotá
21917231,Bogotá
21917401,Bogotá
21917851,Bogotá
21918071,Bogotá
21918241,Bogotá
21918461,Bogotá
21918811,Bogotá
21920361,Bogotá
21920361,Bogotá
21922341,Sopo
21922471,Soacha
21922671,Soacha
21922671,Soacha
21922791,Sopo
21922801,Fusagasugá
21922811,La Calera
21922851,Fusagasugá
21922991,Fusagasugá
21923031,Fusagasugá
21923041,Fusagasugá
21923401,Soacha
21923521,Fusagasugá
21923541,Funza
21923581,Funza
21923591,Funza
21923591,Funza
21923691,Funza
21923761,Funza
21923841,Bojacá
21923941,Bojacá
21924071,Funza
21924181,Funza
21924191,Funza
21924241,Bojacá
21924431,Funza
21924761,Chía
21927011,Sopo
21927151,Gachancipá
21928091,Gachancipá
21928301,Sopo
21929031,Subachoque
21929211,Bogotá
21929271,Bogotá
21929391,Bogotá
21929811,Bogotá
21930021,Bogotá
21930051,Bogotá
21930381,Bogotá
21930441,Bogotá
21930711,Bogotá
21930851,Bogotá
21931001,Bogotá
21931211,Tabio
21931281,Tabio
21931311,Tabio
21931351,Bogotá
21931391,Tabio
21931441,Bogotá
21931451,Bogotá
2201021,Bogotá
2356031,Bogotá
30000091,Bogotá
30000241,Bogotá
30000261,Bogotá
30000281,Bogotá
30000531,Bogotá
30000821,Bogotá
30000991,Bogotá
30001061,Bogotá
30001091,Bogotá
30001111,Bogotá
30001291,Bogotá
30001511,Bogotá
30002001,Bogotá
30002011,Bogotá
30002021,Bogotá
30002341,Bogotá
30002521,Bogotá
30002721,Bogotá
30002731,Bogotá
30002751,Bogotá
30002781,Bogotá
30002791,Bogotá
30002891,Bogotá
30002991,Bogotá
30003081,Bogotá
30003111,Bogotá
30003161,Bogotá
30003191,Bogotá
30003321,Bogotá
30003681,Bogotá
30003691,Bogotá
30003791,Bogotá
30003931,Bogotá
30003931,Bogotá
30004241,Bogotá
30004471,Bogotá
30004591,Bogotá
30004591,Bogotá
30004601,Bogotá
30004761,Bogotá
30004791,Bogotá
30004891,Bogotá
30005031,Bogotá
30005811,Bogotá
30005871,Bogotá
30006071,Bogotá
30006151,Bogotá
30006621,Bogotá
30006721,Bogotá
30006801,Bogotá
30007121,Bogotá
30007291,Bogotá
30007431,Bogotá
30007471,Bogotá
30007761,Bogotá
30007961,Bogotá
30008121,Bogotá
30008291,Bogotá
30008551,Bogotá
30009161,Bogotá
30009241,Bogotá
30009501,Bogotá
30009811,Bogotá
30009911,Bogotá
30010011,Bogotá
30010211,Bogotá
30010501,Bogotá
30010571,Bogotá
30010641,Bogotá
30010661,Bogotá
30011011,Bogotá
30011031,Bogotá
30011111,Bogotá
30011111,Bogotá
30011311,Bogotá
30011331,Bogotá
30011391,Bogotá
30011401,Bogotá
30011641,Bogotá
30011881,Bogotá
30012081,Bogotá
30012971,Bogotá
30012981,Bogotá
30013001,Bogotá
30013261,Bogotá
30013801,Bogotá
30014021,Bogotá
30014121,Bogotá
30014121,Bogotá
30014301,Bogotá
30014471,Bogotá
30014641,Bogotá
30014761,Bogotá
30014811,Bogotá
30015031,Bogotá
30015231,Bogotá
30015311,Bogotá
30015501,Bogotá
30015641,Bogotá
30015921,Bogotá
30015921,Bogotá
30016051,Bogotá
30016141,Bogotá
30016261,Bogotá
30016311,Bogotá
30016381,Bogotá
30016541,Bogotá
30016641,Bogotá
30016691,Bogotá
30016921,Bogotá
30016941,Bogotá
30017091,Bogotá
30017421,Bogotá
30017581,Bogotá
30017681,Bogotá
30017681,Bogotá
30017701,Bogotá
30017751,Bogotá
30018081,Bogotá
30018811,Bogotá
30018861,Bogotá
30019061,Bogotá
30019071,Bogotá
30019261,Bogotá
30019351,Bogotá
30019541,Bogotá
30019561,Bogotá
30019591,Bogotá
30019591,Bogotá
30019631,Bogotá
30019641,Bogotá
30019841,Bogotá
30020071,Bogotá
30020161,Bogotá
30020501,Bogotá
30020581,Bogotá
30020831,Bogotá
30021021,Bogotá
30021241,Bogotá
30021451,Bogotá
30021821,Bogotá
30022151,Bogotá
30022201,Bogotá
30022331,Bogotá
30022581,Bogotá
30022651,Bogotá
30022781,Bogotá
30022811,Bogotá
30022831,Bogotá
30023101,Bogotá
30023101,Bogotá
30023501,Bogotá
30023571,Bogotá
30023741,Bogotá
30023921,Bogotá
30023971,Bogotá
30024301,Bogotá
30024301,Bogotá
30024461,Bogotá
30024471,Bogotá
30024471,Bogotá
30024491,Bogotá
30024601,Bogotá
30024621,Bogotá
30024631,Bogotá
30024831,Bogotá
30025051,Bogotá
30025181,Bogotá
30025261,Bogotá
30025381,Bogotá
30025381,Bogotá
30025471,Bogotá
30025781,Bogotá
30025961,Bogotá
30026151,Bogotá
30026191,Bogotá
30026301,Bogotá
30026721,Bogotá
30026731,Bogotá
30026801,Bogotá
30026901,Bogotá
30027341,Bogotá
30027371,Bogotá
30027671,Bogotá
30027771,Bogotá
30027771,Bogotá
30027931,Bogotá
30028001,Bogotá
30028551,Bogotá
30028721,Bogotá
30028771,Bogotá
30028781,Bogotá
30029151,Bogotá
30029181,Bogotá
30029201,Bogotá
30029331,Bogotá
30029601,Bogotá
30029841,Bogotá
30029841,Bogotá
30030071,Bogotá
30030371,Bogotá
30030541,Bogotá
30030561,Bogotá
30030831,Bogotá
30030981,Bogotá
30030981,Bogotá
30030981,Bogotá
30030981,Bogotá
30031061,Bogotá
30031221,Bogotá
30031301,Bogotá
30031321,Bogotá
30031471,Bogotá
30031491,Bogotá
30031501,Bogotá
30031581,Bogotá
30031831,Bogotá
30031851,Bogotá
30032001,Bogotá
30032631,Bogotá
30032841,Bogotá
30032961,Bogotá
30033101,Bogotá
30033221,Bogotá
30033421,Bogotá
30033691,Bogotá
30033701,Bogotá
30033781,Bogotá
30033831,Bogotá
30033841,Bogotá
30033971,Bogotá
30033981,Bogotá
30034521,Bogotá
30034721,Bogotá
30034801,Bogotá
30034881,Bogotá
30035381,Bogotá
30035711,Bogotá
30035741,Bogotá
30035751,Bogotá
30035821,Bogotá
30036211,Bogotá
30036391,Bogotá
30036621,Bogotá
30036911,Bogotá
30036931,Bogotá
30036931,Bogotá
30037281,Bogotá
30037321,Bogotá
30037371,Bogotá
30037551,Bogotá
30037591,Bogotá
30037661,Bogotá
30037721,Bogotá
30037911,Bogotá
30038021,Bogotá
30038191,Bogotá
30038221,Bogotá
30038391,Bogotá
30038431,Bogotá
30038461,Bogotá
30038531,Bogotá
30038591,Bogotá
30038661,Bogotá
30038701,Bogotá
30038821,Bogotá
30038941,Bogotá
30039111,Bogotá
30039221,Bogotá
30039521,Bogotá
30039541,Bogotá
30039671,Bogotá
30039741,Bogotá
30039991,Bogotá
30040481,Bogotá
30040491,Bogotá
30040611,Bogotá
30040731,Bogotá
30040891,Bogotá
30041031,Bogotá
30041131,Bogotá
30041681,Bogotá
30041741,Bogotá
30041971,Bogotá
30042301,Bogotá
30042551,Bogotá
30042551,Bogotá
30042721,Bogotá
30042731,Bogotá
30042741,Bogotá
30042881,Bogotá
30042901,Bogotá
30043321,Bogotá
30043591,Bogotá
30043601,Bogotá
30043601,Bogotá
30043841,Bogotá
30043991,Bogotá
30044021,Bogotá
30044221,Bogotá
30044291,Bogotá
30044291,Bogotá
30044341,Bogotá
30044351,Bogotá
30044591,Bogotá
30050451,Bogotá
30050711,Bogotá
30050801,Bogotá
30050921,Bogotá
30051151,Bogotá
30051351,Bogotá
30051541,Bogotá
30051611,Bogotá
30052021,Bogotá
30052041,Bogotá
30052291,Bogotá
30052451,Bogotá
30052621,Bogotá
30052751,Bogotá
30052871,Bogotá
30053001,Bogotá
30053001,Bogotá
30053011,Bogotá
30053031,Bogotá
30053071,Bogotá
30053221,Bogotá
30053411,Bogotá
30053411,Bogotá
30053511,Bogotá
30053781,Bogotá
30053931,Bogotá
30054151,Bogotá
30054201,Bogotá
30054311,Bogotá
30054791,Bogotá
30055131,Bogotá
30055351,Bogotá
30055421,Bogotá
30055521,Bogotá
30055631,Bogotá
30055831,Bogotá
30055951,Bogotá
30056071,Bogotá
30056101,Bogotá
30056131,Bogotá
30056511,Bogotá
30056611,Bogotá
30057151,Bogotá
30057251,Bogotá
30057251,Bogotá
30057281,Bogotá
30057281,Bogotá
30057601,Bogotá
30057821,Bogotá
30058011,Bogotá
30058431,Bogotá
30058561,Bogotá
30058911,Bogotá
30059031,Bogotá
30059201,Bogotá
30059231,Bogotá
30059381,Bogotá
30059391,Bogotá
30059561,Bogotá
30059681,Bogotá
30059881,Bogotá
30059921,Bogotá
30060451,Bogotá
30060551,Bogotá
30060641,Bogotá
30061521,Bogotá
30061921,Bogotá
30062231,Bogotá
30062241,Bogotá
30062571,Bogotá
30062621,Bogotá
30062811,Bogotá
30063001,Bogotá
30063521,Bogotá
30063891,Bogotá
30064061,Bogotá
30064271,Bogotá
30064271,Bogotá
30064411,Bogotá
30064611,Bogotá
30064621,Bogotá
30064621,Bogotá
30064781,Bogotá
30064841,Bogotá
30064911,Bogotá
30064981,Bogotá
30065021,Bogotá
30065191,Bogotá
30065391,Bogotá
30065551,Bogotá
30065601,Bogotá
30065611,Bogotá
30065651,Bogotá
30065661,Bogotá
30065691,Bogotá
30065801,Bogotá
30065851,Bogotá
30065871,Bogotá
30065871,Bogotá
30066451,Bogotá
30066541,Bogotá
30066541,Bogotá
30066551,Bogotá
30066861,Bogotá
30066871,Bogotá
30066901,Bogotá
30067411,Bogotá
30067611,Bogotá
30067901,Bogotá
30067981,Bogotá
3232021,Chía
3232061,Mosquera
3232641,Cota
3233041,Mosquera
3233311,Sibaté
3233701,Tabio
3233701,Tabio
3233791,Funza
3233891,Madrid
3233961,Fusagasugá
3234011,Chía
3234131,Chía
3234231,Fusagasugá
3234281,Funza
3234341,Funza
3234651,Funza
3234671,Funza
3234811,Tabio
3235051,Sibaté
3235081,Tabio
3235381,Bojacá
3235921,Cota
3235921,Cota
3236051,Cota
3236621,El Rosal
3236641,Fusagasugá
3237141,Mosquera
3237151,Mosquera
3237451,El Rosal
3237511,Tabio
3237651,Chía
3237951,Bojacá
3237991,Bojacá
3237991,Bojacá
3238021,Mosquera
3238021,Mosquera
3238151,Fusagasugá
3238181,Funza
3238231,Funza
3238241,Sibaté
3238281,Funza
3238381,Funza
3238441,Chía
3238771,Soacha
3238831,Medellín
3239171,Mosquera
3239281,Tabio
3239411,Medellín
3240061,Facatativa
3240081,Soacha
3240151,Mosquera
3240271,Mosquera
3240281,Mosquera
3240311,Mosquera
3240371,Zipacón
3240481,Medellín
3240591,Funza
3240931,Funza
3240961,Medellín
3241031,Subachoque
3241261,Fusagasugá
3241411,Medellín
3241421,Medellín
3241921,Madrid
3241921,Madrid
3241941,Cota
3242091,Fusagasugá
3242241,Cota
3242251,Cota
3242451,Madrid
3242711,Subachoque
3242741,Funza
3242911,Tenjo
3242961,Mosquera
3242981,Mosquera
3243031,Mosquera
3243631,Bojacá
3244051,Mosquera
3244171,Zipacón
3244961,Chía
3244961,Chía
3245011,Chía
3245021,Chía
3245041,Chía
3245141,Soacha
3245171,Soacha
3245251,Soacha
3246041,Tenjo
3246041,Tenjo
3246051,Tenjo
3246061,Tenjo
3246291,Chía
3247211,Mosquera
3247871,Madrid
3247951,Funza
3248141,Funza
3248141,Funza
3248231,Madrid
3248561,Chía
3248811,Facatativa
3249261,Gachancipá
3249371,Gachancipá
3249421,Cota
3249661,Madrid
3249691,Tenjo
3249761,Fusagasugá
3249851,Cota
3249871,Cota
3250141,Soacha
3250361,Bojacá
3250441,Bojacá
3250481,Funza
3250701,Sibaté
3250781,Sopo
3250791,Sopo
3250841,Sopo
3251171,Fusagasugá
3251241,Chía
3251351,Madrid
3251401,Madrid
3251451,Fusagasugá
3251451,Fusagasugá
3251501,Sopo
3251551,Mosquera
3251581,Mosquera
3251581,Mosquera
3251591,Mosquera
3251661,Funza
3251661,Funza
3251671,Funza
3251751,Funza
3252191,Funza
3252281,Soacha
3252391,Tabio
3252521,Madrid
3252531,Sopo
3252651,Sopo
3252651,Sopo
3252711,Soacha
3252831,Sopo
3253231,Gachancipá
3253231,Gachancipá
3253471,Mosquera
3253521,Sopo
3253561,Mosquera
3253561,Mosquera
3253581,Mosquera
3254021,Soacha
3255131,Bogotá
3255131,Bogotá
3255131,Bogotá
3255131,Bogotá
3255161,Bogotá
3255181,Bogotá
3255211,Bogotá
3255251,Bogotá
3255461,Bogotá
3255941,Bogotá
3256531,Bogotá
3256531,Bogotá
3256601,Bogotá
3256611,Bogotá
3256871,Bogotá
3256891,Bogotá
3256911,Bogotá
3257331,Bogotá
3257451,Bogotá
3257451,Bogotá
3257751,Bogotá
3258121,Bogotá
3258121,Bogotá
3258211,Bogotá
3258411,Bogotá
3258431,Bogotá
3258471,Bogotá
3258571,Bogotá
3258662,Bogotá
3258751,Bogotá
3258891,Bogotá
3259011,Bogotá
3259021,Bogotá
3259041,Bogotá
3259091,Bogotá
3259121,Bogotá
3259121,Bogotá
3259261,Bogotá
3259261,Bogotá
3259381,Bogotá
3259521,Bogotá
3259571,Bogotá
3259761,Bogotá
3259761,Bogotá
3259841,Bogotá
3259871,Bogotá
3260311,Bogotá
3260461,Bogotá
3260461,Bogotá
3260861,Bogotá
3260931,Bogotá
3260941,Bogotá
3261161,Bogotá
3261241,Bogotá
3261241,Bogotá
3261381,Bogotá
3261421,Bogotá
3261421,Bogotá
3261571,Bogotá
3261611,Bogotá
3261961,Bogotá
3262151,Bogotá
3262251,Bogotá
3262411,Bogotá
3262661,Bogotá
3262681,Bogotá
3262691,Bogotá
3262801,Bogotá
3262811,Bogotá
3262871,Bogotá
3262871,Bogotá
3262901,Bogotá
3263131,Bogotá
3263151,Bogotá
3263171,Bogotá
3263191,Bogotá
3263211,Bogotá
3263351,Bogotá
3263412,Bogotá
3263751,Bogotá
3263961,Bogotá
3263961,Bogotá
3263961,Bogotá
3264021,Bogotá
3264341,Bogotá
3264421,Bogotá
3264531,Bogotá
3264772,Bogotá
3264903,Bogotá
3265171,Bogotá
3265181,Bogotá
3265201,Bogotá
3265381,Bogotá
3265501,Bogotá
3265501,Bogotá
3265571,Bogotá
3265862,Bogotá
3265921,Bogotá
3265921,Bogotá
3265981,Bogotá
3265981,Bogotá
3265991,Bogotá
3266321,Bogotá
3266331,Bogotá
3266461,Bogotá
3266521,Bogotá
3266531,Bogotá
3266621,Bogotá
3266641,Bogotá
3266721,Bogotá
3266871,Bogotá
3266921,Bogotá
3266931,Bogotá
3266931,Bogotá
3266981,Bogotá
3266991,Bogotá
3267001,Bogotá
3267061,Bogotá
3267101,Bogotá
3267281,Bogotá
3267301,Bogotá
3267371,Bogotá
3267391,Bogotá
3267591,Bogotá
3267751,Bogotá
3267781,Bogotá
3267851,Bogotá
3268571,Bogotá
3268631,Bogotá
3268661,Bogotá
3269051,Bogotá
3269081,Bogotá
3269271,Bogotá
3269271,Bogotá
3269431,Bogotá
3269531,Bogotá
3269631,Bogotá
3270211,Bogotá
3270581,Bogotá
3270661,Bogotá
3270731,Bogotá
3270761,Bogotá
3270771,Bogotá
3270941,Bogotá
3271031,Bogotá
3271071,Bogotá
3271101,Bogotá
3271131,Bogotá
3271201,Bogotá
3271201,Bogotá
3271201,Bogotá
3271201,Bogotá
3271201,Bogotá
3271201,Bogotá
3271211,Bogotá
3271281,Bogotá
3271701,Bogotá
3271871,Bogotá
3271881,Bogotá
3271971,Bogotá
3272251,Bogotá
3272891,Bogotá
3272971,Bogotá
3273041,Bogotá
3273181,Bogotá
3273661,Bogotá
3273681,Bogotá
3273841,Bogotá
3273851,Bogotá
3273941,Bogotá
3273941,Bogotá
3273941,Bogotá
3274471,Bogotá
3274721,Bogotá
3274931,Bogotá
3275001,Bogotá
3275101,Bogotá
3275441,Bogotá
3275441,Bogotá
3275521,Bogotá
3276191,Bogotá
3276761,Bogotá
3276901,Bogotá
3276931,Bogotá
3276991,Bogotá
3277091,Bogotá
3277581,Bogotá
3277721,Bogotá
3278031,Bogotá
3278051,Bogotá
3278061,Bogotá
3278241,Bogotá
3278361,Bogotá
3278411,Bogotá
3279111,Bogotá
3279121,Bogotá
3279221,Bogotá
3279281,Bogotá
3279681,Bogotá
3279831,Bogotá
3280181,Bogotá
3280211,Bogotá
3280211,Bogotá
3280251,Bogotá
3280291,Bogotá
3280431,Bogotá
3280431,Bogotá
3280431,Bogotá
3280841,Bogotá
3280901,Bogotá
3280931,Bogotá
3281391,Bogotá
3281401,Bogotá
3281901,Bogotá
3282041,Bogotá
3282341,Bogotá
3282381,Bogotá
3282711,Bogotá
3282731,Bogotá
3282762,Bogotá
3282762,Bogotá
3283091,Bogotá
3283431,Bogotá
3283511,Bogotá
3283511,Bogotá
3283632,Bogotá
3283702,Bogotá
3283831,Bogotá
3283901,Bogotá
3283911,Bogotá
3284041,Bogotá
3284071,Bogotá
3284201,Bogotá
3284201,Bogotá
3284411,Bogotá
3284411,Bogotá
3284451,Bogotá
3284581,Bogotá
3284671,Bogotá
3284711,Bogotá
3284971,Bogotá
3285311,Bogotá
3285581,Bogotá
3285751,Bogotá
3286121,Bogotá
3286231,Bogotá
3286231,Bogotá
3286311,Bogotá
3286651,Bogotá
3286661,Bogotá
3286791,Bogotá
3287001,Bogotá
3287071,Bogotá
3287111,Bogotá
3287171,Bogotá
3287201,Bogotá
3287221,Bogotá
3287491,Bogotá
3287801,Bogotá
3288161,Bogotá
3288361,Bogotá
3288361,Bogotá
3288361,Bogotá
3288371,Bogotá
3288461,Bogotá
3288671,Bogotá
3288751,Bogotá
3288751,Bogotá
3288941,Bogotá
3288941,Bogotá
3289011,Bogotá
3289131,Bogotá
3289151,Bogotá
3289201,Bogotá
3289371,Bogotá
3289551,Bogotá
3289641,Bogotá
3289651,Bogotá
3290041,Bogotá
3290051,Bogotá
3290171,Bogotá
3290311,Bogotá
3290331,Bogotá
3290371,Bogotá
3290421,Bogotá
3290451,Bogotá
3290711,Bogotá
3291291,Bogotá
3291571,Bogotá
3291951,Bogotá
3292091,Bogotá
3292401,Bogotá
3292592,Bogotá
3292601,Bogotá
3292751,Bogotá
3292961,Bogotá
3293031,Bogotá
3293091,Bogotá
3293391,Bogotá
3293451,Bogotá
3293511,Bogotá
3293951,Bogotá
3294141,Bogotá
3294171,Bogotá
3294201,Bogotá
3294441,Bogotá
3294451,Bogotá
3294771,Bogotá
3295241,Bogotá
3295301,Bogotá
3295381,Bogotá
3295421,Bogotá
3295871,Bogotá
3296011,Bogotá
3296181,Bogotá
3296351,Bogotá
3296391,Bogotá
3296451,Bogotá
3296571,Bogotá
3296571,Bogotá
3296701,Bogotá
3296721,Bogotá
3296731,Bogotá
3296841,Bogotá
3296881,Bogotá
3296921,Bogotá
3296941,Bogotá
3296981,Bogotá
3297481,Bogotá
3297541,Bogotá
3297561,Bogotá
3297751,Bogotá
3297941,Bogotá
3298241,Bogotá
3298241,Bogotá
3298501,Bogotá
3298771,Bogotá
3298791,Bogotá
3298911,Bogotá
3298951,Bogotá
3298951,Bogotá
3299081,Bogotá
3299081,Bogotá
3299101,Bogotá
3299271,Bogotá
3299361,Bogotá
3299511,Bogotá
3299541,Bogotá
3299581,Bogotá
3299621,Bogotá
3299691,Bogotá
3299721,Bogotá
3299921,Bogotá
3300011,Bogotá
3300351,Bogotá
3300511,Bogotá
3300561,Bogotá
3300591,Bogotá
3300941,Bogotá
3300971,Bogotá
3301071,Bogotá
3301251,Bogotá
3301331,Bogotá
3301471,Bogotá
3301471,Bogotá
3302161,Bogotá
3302181,Bogotá
3302501,Bogotá
3302811,Bogotá
3302931,Bogotá
3302991,Bogotá
3303061,Bogotá
3303271,Bogotá
3303271,Bogotá
3303281,Bogotá
3303291,Bogotá
3303381,Bogotá
3303631,Bogotá
3303801,Bogotá
3303871,Bogotá
3303941,Bogotá
3303961,Bogotá
3304161,Bogotá
3304191,Bogotá
3304331,Bogotá
3304451,Bogotá
3304451,Bogotá
3304561,Bogotá
3304861,Bogotá
3305051,Bogotá
3305191,Bogotá
3305451,Bogotá
3306091,Bogotá
3306141,Bogotá
3306321,Bogotá
3306331,Bogotá
3306371,Bogotá
3306411,Bogotá
3306531,Bogotá
3306541,Bogotá
3306611,Bogotá
3306831,Bogotá
3306921,Bogotá
3306941,Bogotá
3307071,Bogotá
3307091,Bogotá
3307111,Bogotá
3307291,Bogotá
3307291,Bogotá
3307891,Bogotá
3308211,Bogotá
3308401,Bogotá
3308411,Bogotá
3308451,Bogotá
3308451,Bogotá
3308691,Bogotá
3308761,Bogotá
3309051,Bogotá
3309261,Bogotá
3309261,Bogotá
3309351,Bogotá
3309371,Bogotá
3309421,Bogotá
3309531,Bogotá
3309531,Bogotá
3309581,Bogotá
3309591,Bogotá
3309601,Bogotá
3309671,Bogotá
3310181,Bogotá
3310221,Bogotá
3310351,Bogotá
3310491,Bogotá
3310701,Bogotá
3310751,Bogotá
3310761,Bogotá
3310781,Bogotá
3310921,Bogotá
3310981,Bogotá
3311131,Bogotá
3311421,Bogotá
3311621,Bogotá
3311741,Bogotá
3311821,Bogotá
3311831,Bogotá
3311881,Bogotá
3311881,Bogotá
3312091,Bogotá
3312401,Bogotá
3312821,Bogotá
3312831,Bogotá
3312861,Bogotá
3313201,Bogotá
3313411,Bogotá
3313721,Bogotá
3314061,Bogotá
3314091,Bogotá
3314121,Bogotá
3314281,Bogotá
3314991,Bogotá
3315011,Bogotá
3315141,Bogotá
3315251,Bogotá
3315301,Bogotá
3315441,Bogotá
3315631,Bogotá
3315731,Bogotá
3315871,Bogotá
3315991,Bogotá
3316041,Bogotá
3316181,Bogotá
3316441,Bogotá
3316451,Bogotá
3316991,Bogotá
3317011,Bogotá
3317091,Bogotá
3317181,Bogotá
3317231,Bogotá
3317291,Bogotá
3317371,Bogotá
3317591,Bogotá
3318161,Bogotá
3318271,Bogotá
3318461,Bogotá
3318581,Bogotá
3318611,Bogotá
3318761,Bogotá
3318761,Bogotá
3318801,Bogotá
3318931,Bogotá
3318941,Bogotá
3319021,Bogotá
3319071,Bogotá
3319351,Bogotá
3319591,Bogotá
3319651,Bogotá
3319891,Bogotá
3320001,Bogotá
3320001,Bogotá
3320071,Bogotá
3320151,Bogotá
3320471,Bogotá
3320631,Bogotá
3320871,Bogotá
3321141,Bogotá
3321261,Bogotá
3321571,Bogotá
3321581,Bogotá
3321581,Bogotá
3321591,Bogotá
3321601,Bogotá
3321651,Bogotá
3321701,Bogotá
3321701,Bogotá
3321791,Bogotá
3321801,Bogotá
3322061,Bogotá
3322131,Bogotá
3322501,Bogotá
3322681,Bogotá
3322871,Bogotá
3322881,Bogotá
3322881,Bogotá
3322931,Bogotá
3322961,Bogotá
3322961,Bogotá
3323001,Bogotá
3323001,Bogotá
3323021,Bogotá
3323021,Bogotá
3323081,Bogotá
3323081,Bogotá
3323101,Bogotá
3323191,Bogotá
3323201,Bogotá
3323441,Bogotá
3323441,Bogotá
3323501,Bogotá
3323631,Bogotá
3323881,Bogotá
3324021,Bogotá
3324141,Bogotá
3324341,Bogotá
3324641,Bogotá
3324671,Bogotá
3324781,Bogotá
3325271,Bogotá
3325301,Bogotá
3325841,Bogotá
3326291,Bogotá
3326291,Bogotá
3326301,Bogotá
3326311,Bogotá
3326321,Bogotá
3326531,Bogotá
3326561,Bogotá
3326891,Bogotá
3326951,Bogotá
3327191,Bogotá
3327541,Bogotá
3327561,Bogotá
3327941,Bogotá
3328041,Bogotá
3328051,Bogotá
3328311,Bogotá
3328421,Bogotá
3328641,Bogotá
3328771,Bogotá
3328841,Bogotá
3329071,Bogotá
3329141,Bogotá
3329211,Bogotá
3329271,Bogotá
3329421,Bogotá
3329481,Bogotá
3329621,Bogotá
3329961,Bogotá
3329961,Bogotá
3330021,Bogotá
3330021,Bogotá
3330061,Bogotá
3330161,Bogotá
3330181,Bogotá
3330441,Bogotá
3330441,Bogotá
3330471,Bogotá
3330671,Bogotá
3330681,Bogotá
3330731,Bogotá
3330771,Bogotá
3331071,Bogotá
3331141,Bogotá
3331171,Bogotá
3331431,Bogotá
3331471,Bogotá
3331481,Bogotá
3331491,Bogotá
3331521,Bogotá
3331521,Bogotá
3331561,Bogotá
3331571,Bogotá
3332001,Bogotá
3332321,Bogotá
3332391,Bogotá
3332441,Bogotá
3332441,Bogotá
3332541,Bogotá
3333441,Bogotá
3333461,Bogotá
3333761,Bogotá
3333791,Bogotá
3333891,Bogotá
3334201,Bogotá
3334421,Bogotá
3334591,Bogotá
3334851,Bogotá
3334901,Bogotá
3335021,Bogotá
3335061,Bogotá
3335231,Bogotá
3335561,Bogotá
3335721,Bogotá
3335731,Bogotá
3335731,Bogotá
3335851,Bogotá
3335951,Bogotá
3335991,Bogotá
3336041,Bogotá
3336371,Bogotá
3336431,Bogotá
3336461,Bogotá
3336521,Bogotá
3336831,Bogotá
3336831,Bogotá
3337251,Bogotá
3337421,Bogotá
3338011,Bogotá
3338061,Bogotá
3338081,Bogotá
3338081,Bogotá
3338451,Bogotá
3338931,Bogotá
3338941,Bogotá
3339221,Bogotá
3339381,Bogotá
3339721,Bogotá
3339721,Bogotá
3339951,Bogotá
3340351,Bogotá
3340521,Bogotá
3341011,Bogotá
3341151,Bogotá
3342141,Bogotá
3342151,Bogotá
3342251,Bogotá
3342451,Bogotá
3342481,Bogotá
3342781,Bogotá
3342961,Bogotá
3343021,Bogotá
3343181,Bogotá
3343351,Bogotá
3343381,Bogotá
3343551,Bogotá
3343591,Bogotá
3343741,Bogotá
3343771,Bogotá
3344211,Bogotá
3344211,Bogotá
3344491,Bogotá
3345411,Bogotá
3345481,Bogotá
3345671,Bogotá
3345711,Bogotá
3345751,Bogotá
3345801,Bogotá
3345981,Bogotá
3346121,Bogotá
3346221,Bogotá
3346221,Bogotá
3346261,Bogotá
3346331,Bogotá
3346641,Bogotá
3346671,Bogotá
3346851,Bogotá
3347451,Bogotá
3347491,Bogotá
3347691,Bogotá
3347751,Bogotá
3347751,Bogotá
3347751,Bogotá
3347831,Bogotá
3348001,Bogotá
3348111,Bogotá
3348171,Bogotá
3348291,Bogotá
3348291,Bogotá
3348311,Bogotá
3348491,Bogotá
3348601,Bogotá
3348681,Bogotá
3348801,Bogotá
3349351,Bogotá
3349421,Bogotá
3349431,Bogotá
3349441,Bogotá
3349471,Bogotá
3349561,Bogotá
3349701,Bogotá
3349731,Bogotá
3349791,Bogotá
3349801,Bogotá
3349901,Bogotá
3349991,Bogotá
3350131,Bogotá
3350131,Bogotá
3350161,Bogotá
3350241,Bogotá
3350291,Bogotá
3350381,Bogotá
3350541,Bogotá
3350821,Bogotá
3351091,Bogotá
3351191,Bogotá
3351261,Bogotá
3351301,Bogotá
3351311,Bogotá
3351441,Bogotá
3351511,Bogotá
3351641,Bogotá
3352121,Bogotá
3352171,Bogotá
3352171,Bogotá
3352181,Bogotá
3352181,Bogotá
3352261,Bogotá
3352861,Bogotá
3353301,Bogotá
3353301,Bogotá
3353461,Bogotá
3353641,Bogotá
3353971,Bogotá
3354121,Bogotá
3354181,Bogotá
3354231,Bogotá
3354761,Bogotá
3355021,Bogotá
3355161,Bogotá
3355351,Bogotá
3355481,Bogotá
3355741,Bogotá
3355922,Bogotá
3356081,Bogotá
3356081,Bogotá
3356331,Bogotá
3356471,Bogotá
3356481,Bogotá
3356481,Bogotá
3356561,Bogotá
3356711,Bogotá
3356721,Bogotá
3356831,Bogotá
3356841,Bogotá
3356841,Bogotá
3357291,Bogotá
3357361,Bogotá
3357771,Bogotá
3357861,Bogotá
3358211,Bogotá
3358251,Bogotá
3358261,Bogotá
3358501,Bogotá
3358501,Bogotá
3358661,Bogotá
3359121,Bogotá
3359131,Bogotá
3359231,Bogotá
3359401,Bogotá
3359601,Bogotá
3359721,Bogotá
3359891,Bogotá
3359901,Bogotá
3359911,Bogotá
3360041,Bogotá
3360041,Bogotá
3360221,Bogotá
3360281,Bogotá
3360331,Bogotá
3360511,Bogotá
3360561,Bogotá
3360581,Bogotá
3360671,Bogotá
3360901,Bogotá
3361111,Bogotá
3361171,Bogotá
3361181,Bogotá
3361321,Bogotá
3361451,Bogotá
3361541,Bogotá
3361631,Bogotá
3361721,Bogotá
3361781,Bogotá
3361981,Bogotá
3362121,Bogotá
3362121,Bogotá
3362761,Bogotá
3362851,Bogotá
3362851,Bogotá
3363071,Bogotá
3363211,Bogotá
3363221,Bogotá
3363411,Bogotá
3363571,Bogotá
3363571,Bogotá
3363581,Bogotá
3363731,Bogotá
3363791,Bogotá
3364021,Bogotá
3364201,Bogotá
3364321,Bogotá
3364381,Bogotá
3364571,Bogotá
3364691,Bogotá
3364711,Bogotá
3364841,Bogotá
3365031,Bogotá
3365071,Bogotá
3365121,Bogotá
3365541,Bogotá
3365591,Bogotá
3365741,Bogotá
3365781,Bogotá
3366071,Bogotá
3366091,Bogotá
3366211,Bogotá
3366241,Bogotá
3366281,Bogotá
3366611,Bogotá
3366651,Bogotá
3366691,Bogotá
3366691,Bogotá
3366911,Bogotá
3367211,Bogotá
3367231,Bogotá
3367241,Bogotá
3367311,Bogotá
3367601,Bogotá
3367991,Bogotá
3368321,Bogotá
3368351,Bogotá
3368541,Bogotá
3368551,Bogotá
3368551,Bogotá
3368611,Bogotá
3368671,Bogotá
3369251,Bogotá
3369281,Bogotá
3369301,Bogotá
3369411,Bogotá
3369461,Bogotá
3369491,Bogotá
3369631,Bogotá
3369641,Bogotá
3369881,Bogotá
3369881,Bogotá
3370211,Bogotá
3370831,Bogotá
3371091,Bogotá
3371241,Bogotá
3371301,Bogotá
3371421,Bogotá
3371581,Bogotá
3371671,Bogotá
3371871,Bogotá
3372181,Bogotá
3372211,Bogotá
3372211,Bogotá
3372211,Bogotá
3372271,Bogotá
3372381,Bogotá
3372581,Bogotá
3372771,Bogotá
3372791,Bogotá
3372791,Bogotá
3373331,Bogotá
3373651,Bogotá
3373771,Bogotá
3373971,Bogotá
3373971,Bogotá
3374021,Bogotá
3374111,Bogotá
3374181,Bogotá
3374731,Bogotá
3374931,Bogotá
3374991,Bogotá
3375071,Bogotá
3375081,Bogotá
3375111,Bogotá
3375241,Bogotá
3375351,Bogotá
3375811,Bogotá
3375911,Bogotá
3375911,Bogotá
3375961,Bogotá
3376001,Bogotá
3376061,Bogotá
3376061,Bogotá
3376091,Bogotá
3376141,Bogotá
3376381,Bogotá
3376491,Bogotá
3376561,Bogotá
3376581,Bogotá
3376621,Bogotá
3376651,Bogotá
3377081,Bogotá
3377261,Bogotá
3377381,Bogotá
3377551,Bogotá
3377821,Bogotá
3377891,Bogotá
3377921,Bogotá
3377931,Bogotá
3377941,Bogotá
3378251,Bogotá
3378351,Bogotá
3378361,Bogotá
3378431,Bogotá
3378611,Bogotá
3378641,Bogotá
3378641,Bogotá
3378791,Bogotá
3378811,Bogotá
3378831,Bogotá
3378831,Bogotá
3378881,Bogotá
3379061,Bogotá
3379271,Bogotá
3379291,Bogotá
3379291,Bogotá
3379411,Bogotá
3379471,Bogotá
3379651,Bogotá
3379801,Bogotá
3380031,Bogotá
3380131,Bogotá
3380231,Bogotá
3380421,Bogotá
3380681,Bogotá
3380901,Bogotá
3380931,Bogotá
3381021,Bogotá
3381041,Bogotá
3381051,Bogotá
3381281,Bogotá
3381281,Bogotá
3381451,Bogotá
3381631,Bogotá
3381681,Bogotá
3382021,Bogotá
3382051,Bogotá
3382181,Bogotá
3382211,Bogotá
3382311,Bogotá
3382511,Bogotá
3382641,Bogotá
3382741,Bogotá
3382751,Bogotá
3382821,Bogotá
3382951,Bogotá
3382951,Bogotá
3383011,Bogotá
3383011,Bogotá
3383061,Bogotá
3383101,Bogotá
3383201,Bogotá
3383231,Bogotá
3383301,Bogotá
3383301,Bogotá
3383311,Bogotá
3383321,Bogotá
3383361,Bogotá
3383421,Bogotá
3383711,Bogotá
3383921,Bogotá
3384061,Bogotá
3384311,Bogotá
3384311,Bogotá
3384341,Bogotá
3384471,Bogotá
3384641,Bogotá
3384661,Bogotá
3384951,Bogotá
3384951,Bogotá
3384951,Bogotá
3385151,Bogotá
3385151,Bogotá
3385201,Bogotá
3385481,Bogotá
3385551,Bogotá
3385771,Bogotá
3386061,Bogotá
3386521,Bogotá
3386841,Bogotá
3386851,Bogotá
3387011,Bogotá
3387011,Bogotá
3387041,Bogotá
3387041,Bogotá
3387041,Bogotá
3387191,Bogotá
3387281,Bogotá
3387341,Bogotá
3387361,Bogotá
3387531,Bogotá
3387571,Bogotá
3387791,Bogotá
3387801,Bogotá
3387931,Bogotá
3388231,Bogotá
3388271,Bogotá
3388481,Bogotá
3388531,Bogotá
3388571,Bogotá
3388571,Bogotá
3388601,Bogotá
3388671,Bogotá
3388771,Bogotá
3388811,Bogotá
3388951,Bogotá
3389181,Bogotá
3389211,Bogotá
3389271,Bogotá
3389421,Bogotá
3389631,Bogotá
3389861,Bogotá
3389931,Bogotá
3390071,Bogotá
3390261,Bogotá
3390601,Bogotá
3390831,Bogotá
3390951,Bogotá
3391142,Bogotá
3391211,Bogotá
3392391,Bogotá
3392531,Bogotá
3392791,Bogotá
3392801,Bogotá
3393041,Bogotá
3393051,Bogotá
3393061,Bogotá
3393071,Bogotá
3393071,Bogotá
3393111,Bogotá
3393311,Bogotá
3393451,Bogotá
3393751,Bogotá
3393781,Bogotá
3393841,Bogotá
3393921,Bogotá
3393971,Bogotá
3394141,Bogotá
3394181,Bogotá
3394221,Bogotá
3394431,Bogotá
3394561,Bogotá
3394781,Bogotá
3394861,Bogotá
3395021,Bogotá
3395191,Bogotá
3395521,Bogotá
3396201,Bogotá
3396271,Bogotá
3396451,Bogotá
3396461,Bogotá
3396791,Bogotá
3396931,Bogotá
3396951,Bogotá
3397041,Bogotá
3397051,Bogotá
3397231,Bogotá
3397301,Bogotá
3397301,Bogotá
3397411,Bogotá
3397641,Bogotá
3397701,Bogotá
3397701,Bogotá
3397941,Bogotá
3397991,Bogotá
3398251,Bogotá
3398371,Bogotá
3398371,Bogotá
3398791,Bogotá
3399201,Bogotá
3399301,Bogotá
3399361,Bogotá
3399371,Bogotá
3399451,Bogotá
3399641,Bogotá
3399891,Bogotá
3399921,Bogotá
3400341,Bogotá
3400421,Bogotá
3400451,Bogotá
3400801,Bogotá
3400821,Bogotá
3401101,Bogotá
3401181,Bogotá
3401251,Bogotá
3401281,Bogotá
3401681,Bogotá
3401691,Bogotá
3401831,Bogotá
3401901,Bogotá
3401921,Bogotá
3402531,Bogotá
3403211,Bogotá
3403251,Bogotá
3403451,Bogotá
3403591,Bogotá
3403611,Bogotá
3403611,Bogotá
3403631,Bogotá
3403711,Bogotá
3403951,Bogotá
3404031,Bogotá
3404471,Bogotá
3404781,Bogotá
3404941,Bogotá
3404971,Bogotá
3405061,Bogotá
3405581,Bogotá
3405641,Bogotá
3405671,Bogotá
3405791,Bogotá
3405791,Bogotá
3405991,Bogotá
3406111,Bogotá
3406291,Bogotá
3406391,Bogotá
3406551,Bogotá
3406791,Bogotá
3407101,Bogotá
3407251,Bogotá
3407521,Bogotá
3407961,Bogotá
3407961,Bogotá
3408421,Bogotá
3408811,Bogotá
3409021,Bogotá
3409081,Bogotá
3409571,Bogotá
3409581,Bogotá
3409581,Bogotá
3409581,Bogotá
3409771,Bogotá
3409941,Bogotá
3409961,Bogotá
3410821,Bogotá
3410851,Bogotá
3411171,Bogotá
3411231,Bogotá
3411271,Bogotá
3411281,Bogotá
3411501,Bogotá
3411641,Bogotá
3411861,Bogotá
3411861,Bogotá
3411871,Bogotá
3412051,Bogotá
3412051,Bogotá
3412091,Bogotá
3412141,Bogotá
3412241,Bogotá
3412281,Bogotá
3412281,Bogotá
3412691,Bogotá
3412751,Bogotá
3412951,Bogotá
3413001,Bogotá
3413071,Bogotá
3413161,Bogotá
3413171,Bogotá
3413501,Bogotá
3413521,Bogotá
3413531,Bogotá
3413681,Bogotá
3413711,Bogotá
3413991,Bogotá
3414011,Bogotá
3414301,Bogotá
3414662,Bogotá
3414691,Bogotá
3414701,Bogotá
3414951,Bogotá
3414961,Bogotá
3414961,Bogotá
3414991,Bogotá
3415001,Bogotá
3415311,Bogotá
3415551,Bogotá
3415741,Bogotá
3415891,Bogotá
3415971,Bogotá
3416091,Bogotá
3416121,Bogotá
3416121,Bogotá
3416131,Bogotá
3416511,Bogotá
3416781,Bogotá
3416791,Bogotá
3416851,Bogotá
3417151,Bogotá
3417161,Bogotá
3417291,Bogotá
3417391,Bogotá
3417521,Bogotá
3417571,Bogotá
3417651,Bogotá
3417751,Bogotá
3417791,Bogotá
3417801,Bogotá
3417851,Bogotá
3417861,Bogotá
3417991,Bogotá
3418021,Bogotá
3418051,Bogotá
3418201,Bogotá
3418201,Bogotá
3418231,Bogotá
3418301,Bogotá
3418301,Bogotá
3418381,Bogotá
3419011,Bogotá
3419201,Bogotá
3419231,Bogotá
3419301,Bogotá
3419601,Bogotá
3419791,Bogotá
3419861,Bogotá
3419981,Bogotá
3420091,Bogotá
3420181,Bogotá
3420251,Bogotá
3420321,Bogotá
3420551,Bogotá
3420551,Bogotá
3420551,Bogotá
3420611,Bogotá
3420781,Bogotá
3420931,Bogotá
3420971,Bogotá
3421231,Bogotá
3421301,Bogotá
3421471,Bogotá
3421551,Bogotá
3421741,Bogotá
3421921,Bogotá
3422001,Bogotá
3422321,Bogotá
3422401,Bogotá
3422621,Bogotá
3422881,Bogotá
3422931,Bogotá
3422951,Bogotá
3423031,Bogotá
3423121,Bogotá
3423221,Bogotá
3423301,Bogotá
3423301,Bogotá
3423471,Bogotá
3423551,Bogotá
3423551,Bogotá
3423691,Bogotá
3423761,Bogotá
3423761,Bogotá
3423851,Bogotá
3423971,Bogotá
3423971,Bogotá
3423991,Bogotá
3424141,Bogotá
3424341,Bogotá
3424561,Bogotá
3424811,Bogotá
3424861,Bogotá
3424971,Bogotá
3424981,Bogotá
3425191,Bogotá
3425191,Bogotá
3425341,Bogotá
3425341,Bogotá
3425401,Bogotá
3425681,Bogotá
3425691,Bogotá
3425741,Bogotá
3425823,Bogotá
3425941,Bogotá
3426001,Bogotá
3426041,Bogotá
3426391,Bogotá
3426491,Bogotá
3426631,Bogotá
3426701,Bogotá
3426841,Bogotá
3427131,Bogotá
3427221,Bogotá
3427351,Bogotá
3427361,Bogotá
3427431,Bogotá
3427501,Bogotá
3427961,Bogotá
3427961,Bogotá
3428121,Bogotá
3428361,Bogotá
3428461,Bogotá
3428601,Bogotá
3428781,Bogotá
3429011,Bogotá
3429241,Bogotá
3429251,Bogotá
3429381,Bogotá
3429561,Bogotá
3429561,Bogotá
3429821,Bogotá
3430001,Bogotá
3430141,Bogotá
3430281,Bogotá
3430281,Bogotá
3430631,Bogotá
3430741,Bogotá
3430921,Bogotá
3431781,Bogotá
3431781,Bogotá
3431781,Bogotá
3431911,Bogotá
3431971,Bogotá
3432221,Bogotá
3432341,Bogotá
3432441,Bogotá
3432471,Bogotá
3433311,Bogotá
3433341,Bogotá
3434051,Bogotá
3434061,Bogotá
3434211,Bogotá
3434331,Bogotá
3434391,Bogotá
3434401,Bogotá
3434401,Bogotá
3434431,Bogotá
3434501,Bogotá
3434501,Bogotá
3434561,Bogotá
3434571,Bogotá
3434581,Bogotá
3434801,Bogotá
3434801,Bogotá
3435131,Bogotá
3435281,Bogotá
3435351,Bogotá
3435501,Bogotá
3435731,Bogotá
3435831,Bogotá
3435911,Bogotá
3435961,Bogotá
3436131,Bogotá
3436741,Bogotá
3436751,Bogotá
3436811,Bogotá
3436931,Bogotá
3437031,Bogotá
3437211,Bogotá
3437221,Bogotá
3437571,Bogotá
3437801,Bogotá
3437821,Bogotá
3437921,Bogotá
3438051,Bogotá
3438301,Bogotá
3439241,Bogotá
3439381,Bogotá
3439581,Bogotá
3439721,Bogotá
3439831,Bogotá
3439891,Bogotá
3439961,Bogotá
3439991,Bogotá
3440101,Bogotá
3440191,Bogotá
3440201,Bogotá
3440201,Bogotá
3440541,Bogotá
3440661,Bogotá
3441301,Bogotá
3441531,Bogotá
3441591,Bogotá
3441871,Bogotá
3441961,Bogotá
3442051,Bogotá
3442281,Bogotá
3442291,Bogotá
3442291,Bogotá
3442471,Bogotá
3442611,Bogotá
3442781,Bogotá
3442861,Bogotá
3443121,Bogotá
3443221,Bogotá
3443311,Bogotá
3443321,Bogotá
3443321,Bogotá
3443421,Bogotá
3443521,Bogotá
3443571,Bogotá
3443581,Bogotá
3443731,Bogotá
3443911,Bogotá
3444031,Bogotá
3444141,Bogotá
3444221,Bogotá
3444271,Bogotá
3444331,Bogotá
3444361,Bogotá
3444371,Bogotá
3444371,Bogotá
3444521,Bogotá
3444611,Bogotá
3444701,Bogotá
3444751,Bogotá
3445001,Bogotá
3445051,Bogotá
3445061,Bogotá
3445461,Bogotá
3445501,Bogotá
3445501,Bogotá
3445501,Bogotá
3445851,Bogotá
3446091,Bogotá
3446121,Bogotá
3446201,Bogotá
3446201,Bogotá
3446591,Bogotá
3447441,Bogotá
3447721,Bogotá
3447871,Bogotá
3447961,Bogotá
3448471,Bogotá
3448521,Bogotá
3448651,Bogotá
3448771,Bogotá
3448801,Bogotá
3449061,Bogotá
3449351,Bogotá
3449361,Bogotá
3449961,Bogotá
3450071,Bogotá
3450101,Bogotá
3450211,Bogotá
3450541,Bogotá
3450541,Bogotá
3450591,Bogotá
3450601,Bogotá
3450751,Bogotá
3450841,Bogotá
3450921,Bogotá
3451011,Bogotá
3451311,Bogotá
3451361,Bogotá
3452071,Bogotá
3452071,Bogotá
3452131,Bogotá
3452131,Bogotá
3452171,Bogotá
3452241,Bogotá
3452401,Bogotá
3452621,Bogotá
3452871,Bogotá
3453001,Bogotá
3453051,Bogotá
3453071,Bogotá
3453121,Bogotá
3453341,Bogotá
3453391,Bogotá
3453661,Bogotá
3453681,Bogotá
3453681,Bogotá
3453921,Bogotá
3454151,Bogotá
3454171,Bogotá
3454271,Bogotá
3454411,Bogotá
3454441,Bogotá
3454531,Bogotá
3454531,Bogotá
3454531,Bogotá
3454671,Bogotá
3454821,Bogotá
3454831,Bogotá
3454851,Bogotá
3454861,Bogotá
3454881,Bogotá
3455051,Bogotá
3455131,Bogotá
3455601,Bogotá
3455761,Bogotá
3456081,Bogotá
3456221,Bogotá
3456261,Bogotá
3456301,Bogotá
3456541,Bogotá
3456581,Bogotá
3456741,Bogotá
3456811,Bogotá
3456891,Bogotá
3456921,Bogotá
3456941,Bogotá
3456951,Bogotá
3457041,Bogotá
3457321,Bogotá
3457721,Bogotá
3458021,Bogotá
3458061,Bogotá
3458141,Bogotá
3458201,Bogotá
3458291,Bogotá
3458511,Bogotá
3458912,Bogotá
3459301,Bogotá
3459301,Bogotá
3459321,Bogotá
3459591,Bogotá
3459641,Bogotá
3459771,Bogotá
3459831,Bogotá
3459891,Bogotá
3459911,Bogotá
3459931,Bogotá
3459951,Bogotá
3459951,Bogotá
3460041,Bogotá
3460111,Bogotá
3460161,Bogotá
3460341,Bogotá
3460341,Bogotá
3460391,Bogotá
3460441,Bogotá
3460801,Bogotá
3461031,Bogotá
3461131,Bogotá
3461151,Bogotá
3461371,Bogotá
3461401,Bogotá
3461681,Bogotá
3461801,Bogotá
3462221,Bogotá
3462231,Bogotá
3462411,Bogotá
3462411,Bogotá
3462481,Bogotá
3462481,Bogotá
3462531,Bogotá
3462561,Bogotá
3462581,Bogotá
3462731,Bogotá
3462881,Bogotá
5359051,Bogotá
5359101,Bogotá
5359401,Bogotá
5359951,Gachancipá
5360141,Gachancipá
5360371,Gachancipá
5360401,Gachancipá
5360401,Gachancipá
5360401,Gachancipá
5361321,Chía
5361371,Bogotá
5361381,Gachancipá
5361871,Bogotá
5362751,Gachancipá
5362801,Sopo
5362871,Gachancipá
5363211,Bogotá
5363231,Bogotá
5363311,Bogotá
5363341,Bogotá
5364781,Sopo
5365791,Bogotá
5365991,Bogotá
5366121,Bogotá
5367271,Bogotá
5367531,Bogotá
5367531,Bogotá
5367651,Fusagasugá
5367671,Bogotá
5368261,Sopo
5368301,Bojacá
5368301,Bojacá
5368301,Bojacá
5368931,Sopo
5369541,Bogotá
5369731,Bogotá
5369881,Bogotá
5369931,Bogotá
5370171,Bojacá
5370171,Bojacá
5370171,Bojacá
5370431,Cota
5370601,Bogotá
5370991,Gachancipá
5371141,Gachancipá
5371231,Bogotá
5371241,Bogotá
5371591,Bogotá
5371721,Bogotá
5371811,Fusagasugá
5597041,Bogotá
5597061,Bogotá
5597781,Bogotá
5597781,Bogotá
5597831,Bogotá
5598161,Bogotá
5598161,Bogotá
5598551,Bogotá
5598631,Bogotá
5598761,Bogotá
5599861,Bogotá
5599891,Bogotá
5599931,Bogotá
5600421,Bogotá
5600851,Bogotá
5601161,Bogotá
5601321,Bogotá
5601841,Bogotá
5602841,Bogotá
5602991,Bogotá
5603621,Bogotá
5604161,Bogotá
5604211,Bogotá
5604421,Bogotá
5604641,Bogotá
5606761,Bogotá
5606831,Bogotá
5607871,Bogotá
5607881,Bogotá
5608341,Bogotá
5608961,Bogotá
5609341,Bogotá
5609631,Bogotá
5610431,Bogotá
5610571,Bogotá
5610571,Bogotá
5610901,Bogotá
5610951,Bogotá
5611041,Bogotá
5611581,Bogotá
5615381,Bogotá
5615911,Bogotá
5646971,Mosquera
5647011,Chía
5647301,Mosquera
5647421,Facatativa
5647541,Fusagasugá
5647631,Sopo
5647671,Chía
5648001,Funza
5648041,Soacha
5648211,Zipaquirá
5648391,Zipaquirá
5650531,Bogotá
5650541,Bogotá
5650591,Bogotá
5650631,Bogotá
5653061,Bogotá
5653291,Bogotá
5653411,Bogotá
5653431,Bogotá
5653561,Bogotá
5653591,Bogotá
5653591,Bogotá
5653701,Bogotá
5653741,Bogotá
5653781,Bogotá
5653961,Bogotá
5654061,Bogotá
5654381,Bogotá
5654421,Bogotá
5654671,Bogotá
5654881,Bogotá
5655211,Bogotá
5655531,Bogotá
5655591,Bogotá
5655791,Bogotá
5655831,Bogotá
5655951,Bogotá
5656111,Bogotá
5656121,Bogotá
5656121,Bogotá
5656711,Bogotá
5657041,Bogotá
5657061,Bogotá
5657221,Bogotá
5657391,Bogotá
5657861,Bogotá
5657901,Bogotá
5658041,Bogotá
5658191,Bogotá
5658201,Bogotá
5658451,Bogotá
5658531,Bogotá
5658591,Bogotá
5659041,Bogotá
5659151,Bogotá
5659431,Bogotá
5659441,Bogotá
5659581,Bogotá
5659631,Bogotá
5660101,Bogotá
5660221,Bogotá
5660441,Bogotá
5660571,Bogotá
5660621,Bogotá
5660631,Bogotá
5663051,Bogotá
5742461,Sopo
5742531,Sopo
5742531,Sopo
5742651,Medellín
5742841,Sopo
5743101,Medellín
5743141,Medellín
5743231,Medellín
5743471,Sopo
5743951,Medellín
5745741,Bogotá
5746091,Bogotá
5746131,Bogotá
9797871,Bogotá
9797871,Bogotá
9797941,Bogotá
9799811,Funza
9799831,Funza
9799841,Funza
9800131,Funza
9800751,Bojacá
9800751,Bojacá
9800891,Mosquera
9801251,Funza
9801271,Funza
9801281,Funza
9801321,Funza
9801621,Zipaquirá
9802881,Soacha
9802881,Soacha
9802921,Sopo
9802991,Bojacá
9803031,Bojacá
9803431,Subachoque
9803431,Subachoque
9803451,Subachoque
9805701,La Calera
9805751,Subachoque
9805901,El Rosal
9806021,La Calera
9806021,La Calera
9806231,Funza
9806501,El Rosal
9806621,La Calera
9806721,La Calera
9806911,La Calera
9806941,La Calera
9807811,Gachancipá
9807931,Soacha
9808171,El Rosal
9811251,Bogotá
9811261,Bogotá
9811711,Bogotá
9811781,Bogotá
9811811,Bogotá
9811951,Bogotá
9812281,Bogotá
9812531,Bogotá
9812621,Bogotá
9812631,Bogotá
9812681,Bogotá
9812861,Bogotá
9813451,Bogotá
9813811,Bogotá
9813921,Bogotá
9814491,Bogotá
9814551,Bogotá
9814681,Bogotá
9815182,Bogotá
9815191,Bogotá
9816381,Bogotá
9816741,Bogotá
9816751,Bogotá
9816751,Bogotá
9816751,Bogotá
9816771,Bogotá
9816851,Bogotá
9816981,Bogotá
9817071,Bogotá
9817071,Bogotá
9817461,Bogotá
9817521,Bogotá
9817521,Bogotá
9818781,Bogotá
9818791,Bogotá
9818911,Bogotá
9819101,Bogotá
9819101,Bogotá
9819131,Bogotá
9819291,Bogotá
9819381,Bogotá
9819561,Bogotá
9819661,Bogotá
9819691,Bogotá
9819711,Bogotá
9819751,Bogotá
9819921,Bogotá
9820161,Bogotá
9820171,Bogotá
9820181,Bogotá
9820241,Bogotá
9820251,Bogotá
9820301,Bogotá
9820511,Bogotá
9821291,Bogotá
9821301,Bogotá
9821581,Bogotá
9821611,Bogotá
9821731,Bogotá
9821921,Bogotá
9822041,Bogotá
9822111,Bogotá
9822321,Bogotá
9822371,Bogotá
9822371,Bogotá
9822651,Bogotá
9823091,Bogotá
9823221,Bogotá
9823411,Bogotá
9823441,Bogotá
9823461,Bogotá
9823681,Bogotá
9823681,Bogotá
9823751,Bogotá
9823781,Bogotá
9824001,Bogotá
9824011,Bogotá
9824031,Bogotá
9824201,Bogotá
9824211,Bogotá
9833091,Bogotá
9833161,Bogotá
9833521,Bogotá
9833571,Bogotá
9833571,Bogotá
9833621,Bogotá
9833851,Bogotá
9834031,Bogotá
9834051,Bogotá
9834121,Bogotá
9834171,Bogotá
9834251,Bogotá
9834381,Bogotá
9834401,Bogotá
9834431,Bogotá
9834451,Bogotá
9834481,Bogotá
9834531,Bogotá
9834591,Bogotá
9835151,Bogotá
9835211,Bogotá
9835291,Bogotá
9835351,Bogotá
9835551,Bogotá
9835571,Bogotá
9835581,Bogotá
9835751,Bogotá
9836011,Bogotá
9836131,Bogotá
9836471,Bogotá
9836481,Bogotá
9836491,Bogotá
9836831,Bogotá
9837011,Bogotá
9837071,Bogotá
9846751,Cota
9846751,Cota
9846751,Cota
9846751,Cota
9846921,La Calera
9847051,El Rosal
9847081,El Rosal
9847111,El Rosal
9847541,Subachoque
9847651,Subachoque
9847811,Sibaté
9847821,Sibaté
9847961,Zipacón
9848171,Facatativa
9854011,Mosquera
9854011,Mosquera
9854121,El Rosal
9854281,Madrid
9854341,Fusagasugá
9854991,Cota
9855121,La Calera
9855301,Chía
9855371,Mosquera
9858041,Chía
9858051,Chía
9858061,Chía
9858061,Chía
9858121,Chía
9859321,Chía
9859531,Tenjo
9860021,Bojacá
9860021,Bojacá
9860181,Chía
9860951,Mosquera
9860972,Mosquera
9861031,Facatativa
9861231,Cota
9861261,Cota
9861441,Fusagasugá
9861581,Cota
9862041,Chía
9862051,Chía
9862211,Funza
9862211,Funza
9862221,Funza
9862281,Funza
9862381,Funza
9862721,Chía
9862771,Chía
9862781,Chía
9862781,Chía
9862821,Madrid
9862861,Cota
9862991,Subachoque
9863141,Madrid
9863161,Madrid
9863401,Facatativa
9863421,Facatativa
9863881,Mosquera
9863921,Sopo
9864041,Sopo
9864171,Mosquera
9864171,Mosquera
9864511,Facatativa
9864531,Facatativa
9864811,Sopo
9865071,Funza
9865111,Funza
9865331,Cota
9865671,Soacha
9866941,Facatativa
9867101,Medellín
9867841,Tabio
9868001,Chía
9868051,Chía
9868151,Chía
9868281,Mosquera
9870031,Bogotá
9870121,Bogotá
9870151,Bogotá
9871061,Bogotá
9871061,Bogotá
9871241,Bogotá
9872051,Bogotá
9872311,Bogotá
9872321,Bogotá
9872321,Bogotá
9872461,Bogotá
9872461,Bogotá
9873411,Bogotá
9873511,Bogotá
9873771,Bogotá
9873921,Bogotá
9874781,Bogotá
9874831,Bogotá
9874871,Bogotá
9874941,Bogotá
9875531,Bogotá
9875561,Bogotá
9875781,Bogotá
9875881,Bogotá
9876161,Bogotá
9876221,Bogotá
9876281,Bogotá
9876511,Bogotá
9876611,Bogotá
9876611,Bogotá
9876771,Bogotá
9876891,Bogotá
9877121,Bogotá
9877371,Bogotá
9877371,Bogotá
9877371,Bogotá
9877371,Bogotá
9877561,Bogotá
9877571,Bogotá
9877601,Bogotá
9877931,Bogotá
9877981,Bogotá
9877991,Bogotá
9878401,Bogotá
9878441,Bogotá
9878541,Bogotá
9899651,Bogotá
9899781,Bogotá
9900731,Bogotá
9900761,Bogotá
9900761,Bogotá
9901091,Bogotá
9901481,Bogotá
9901581,Bogotá
9901711,Bogotá
9901744,Bogotá
9901771,Bogotá
9901941,Bogotá
9902351,Bogotá
9902491,Bogotá
9902561,Bogotá
9902591,Bogotá
9902711,Bogotá
9902761,Bogotá
9902901,Bogotá
9902921,Bogotá
9903471,Bogotá
9903491,Bogotá
9903571,Bogotá
9904031,Bogotá
9904061,Bogotá
9904311,Bogotá
9904381,Bogotá
9904561,Bogotá
9904591,Bogotá
9904591,Bogotá
9904611,Bogotá
9904651,Bogotá
9904691,Bogotá
9904691,Bogotá
9904791,Bogotá
9904801,Bogotá
9904891,Bogotá
9905051,Bogotá
9905101,Bogotá
9905131,Bogotá
9905241,Bogotá
9905241,Bogotá
9905621,Bogotá
9906301,Bogotá
9906311,Bogotá
9925871,Bogotá
9925981,Bogotá
9925991,Bogotá
9929231,Bogotá
9929241,Bogotá
9929241,Bogotá
9929301,Bogotá
9930101,Bogotá
9930261,Bogotá
9930311,Bogotá
9930521,Bogotá
9930591,Bogotá
9930601,Bogotá
9930801,Bogotá
9930841,Bogotá
9930861,Bogotá
9931161,Bogotá
9931321,Bogotá
9931321,Bogotá
9931471,Bogotá
9931481,Bogotá
9931561,Bogotá
9931561,Bogotá
9931701,Bogotá
9931861,Bogotá
9931921,Bogotá
9932041,Bogotá
9932361,Bogotá
9932531,Bogotá
9932731,Bogotá
9932831,Bogotá
9933221,Bogotá
9933321,Bogotá
9933341,Bogotá
9933351,Bogotá
9933421,Bogotá
9933981,Bogotá
9934151,Bogotá
9934181,Bogotá
9934201,Bogotá
9934201,Bogotá
9934621,Bogotá
9934671,Bogotá
9934751,Bogotá
9934791,Bogotá
9939291,Bogotá
9939311,Bogotá
9939411,Bogotá
9939421,Bogotá
9939711,Bogotá
9939851,Bogotá
9940021,Bogotá
9940061,Bogotá
9940071,Bogotá
9940081,Bogotá
9940181,Bogotá
9940211,Bogotá
9940321,Bogotá
9940481,Bogotá
9940581,Bogotá
9940861,Bogotá
9940991,Bogotá
9941101,Bogotá
9941101,Bogotá
9941141,Bogotá
9941151,Bogotá
9941221,Bogotá
9941531,Bogotá
9941621,Bogotá
9941621,Bogotá
9941661,Bogotá
9941871,Bogotá
9941881,Bogotá
9941961,Bogotá
9941991,Bogotá
9942181,Bogotá
9942251,Bogotá
9942561,Bogotá
9942651,Bogotá
9942651,Bogotá
9942791,Bogotá
9942791,Bogotá
9942831,Bogotá
9943511,Bogotá
9943671,Bogotá
9943701,Bogotá
9943711,Bogotá
9943851,Bogotá
9944151,Bogotá
9944401,Bogotá
9944541,Bogotá
9944541,Bogotá
9944571,Bogotá
9944641,Bogotá
9944901,Bogotá
9944991,Bogotá
9945581,Bogotá
9945601,Bogotá
9945921,Bogotá
9945961,Bogotá
9945961,Bogotá
9946031,Bogotá
9946031,Bogotá
9946161,Bogotá
9946401,Bogotá
9946451,Bogotá
9946501,Bogotá
9946611,Bogotá
9946661,Bogotá
9946661,Bogotá
9947011,Bogotá
9947151,Bogotá
9947201,Bogotá
9947201,Bogotá
9947231,Bogotá
9947421,Bogotá
9947421,Bogotá
9948071,Bogotá
9948151,Bogotá
9948181,Bogotá
9948441,Bogotá
9948501,Bogotá
9948621,Bogotá
9949001,Bogotá
9949011,Bogotá
9949091,Bogotá
9949101,Bogotá
9949221,Bogotá
9949231,Bogotá
9949261,Bogotá
9949361,Bogotá
9949651,Bogotá
9949651,Bogotá
9949671,Bogotá
9950041,Bogotá
9950061,Bogotá
9950161,Bogotá
9950311,Bogotá
9950341,Bogotá
9950411,Bogotá
9950891,Bogotá
9950901,Bogotá
9951641,Bogotá
9951951,Bogotá
9951961,Bogotá
9952071,Bogotá
9952511,Bogotá
9952581,Bogotá
9952621,Bogotá
9952771,Bogotá
9952981,Bogotá
9952991,Bogotá
9953791,Bogotá
9953811,Bogotá
9953841,Bogotá
9953861,Bogotá
9953921,Bogotá
9953991,Bogotá
9954261,Bogotá
9954291,Bogotá
9954291,Bogotá
9954291,Bogotá
9954291,Bogotá
9954341,Bogotá
9954451,Bogotá
9954721,Bogotá
9955221,Bogotá
9955511,Bogotá
9955621,Bogotá
9958571,Bogotá
9958851,Bogotá
9959001,Bogotá
9959041,Bogotá
9959141,Bogotá
9959151,Bogotá
9959451,Bogotá
9959591,Bogotá
9959601,Bogotá
9959781,Bogotá
9959811,Bogotá
9959841,Bogotá
9959851,Bogotá
9959881,Bogotá
9960801,Bogotá
9960811,Bogotá
9960811,Bogotá
9960961,Bogotá
9961031,Bogotá
9961421,Bogotá
9961901,Bogotá
9961941,Bogotá
9961991,Bogotá
9962061,Bogotá
9962111,Bogotá
9962141,Bogotá
9962261,Bogotá
9962371,Bogotá
9962451,Bogotá
9962461,Bogotá
9962541,Bogotá
9962671,Bogotá
9962671,Bogotá
9962691,Bogotá
9962701,Bogotá
9962701,Bogotá
9962821,Bogotá
9962831,Bogotá
9962871,Bogotá
9962931,Bogotá
9962951,Bogotá
9963011,Bogotá
9963071,Bogotá
9963121,Bogotá
9963161,Bogotá
9963181,Bogotá
9963181,Bogotá
9963221,Bogotá
9963231,Bogotá
9963301,Bogotá
9963411,Bogotá
9963441,Bogotá
9963691,Bogotá
9966691,Bogotá
9966961,Bogotá
9967771,Bogotá
9967791,Bogotá
9967911,Bogotá
9968091,Bogotá
9968671,Bogotá
9968761,Bogotá
9968792,Bogotá
9968881,Bogotá
9968881,Bogotá
9969301,Bogotá
9969351,Bogotá
9969371,Bogotá
9969431,Bogotá
9969821,Bogotá
9969881,Bogotá
9970091,Bogotá
9970091,Bogotá
9970111,Bogotá
9970111,Bogotá
9970241,Bogotá
9970251,Bogotá
9970421,Bogotá
9970481,Bogotá
9970511,Bogotá
9970511,Bogotá
9970581,Bogotá
9970591,Bogotá
9970681,Bogotá
9976431,Tocancipá
9976461,Tabio
9976461,Tabio
9976651,Tabio
9976671,Fusagasugá
9976921,Chía
9976991,Chía
9977171,Fusagasugá
9977171,Fusagasugá
9977171,Fusagasugá
9977181,Fusagasugá
9977291,Chía
9977421,Tenjo
9977601,La Calera
9977841,Sibaté
9977891,Sopo
9977941,Mosquera
9978651,Tenjo
9978671,Bojacá
9978831,Chía
9978841,Chía
9978921,Chía
9979081,Funza
9979091,Tenjo
9979231,Sibaté
9979261,Funza
9979271,Funza
9979341,Funza
9979431,Funza
9979461,Sibaté
9979811,Mosquera
9979821,Mosquera
9979831,Mosquera
9979842,Mosquera
9979901,Mosquera
9980071,Cota
9980171,El Rosal
9980181,El Rosal
9980191,El Rosal
9981471,Chía
9981561,Soacha
9981761,Funza
9982201,Soacha
9982411,Chía
9982561,Soacha
9982621,Sibaté
9982641,Subachoque
9983081,Bojacá
9983331,Sopo
9983541,Mosquera
9983561,Mosquera
9983621,Tocancipá
9983861,Funza
9983911,Funza
9984051,Zipaquirá
9984331,La Calera
9984531,La Calera
9985721,Mosquera
9985731,Mosquera
9985731,Mosquera
9986281,Tocancipá
9986301,Tocancipá
9986311,Medellín
9986651,Funza
9986661,Funza
9987521,Medellín
9987891,Soacha
9987921,Soacha
9987921,Soacha
9988181,Soacha
9988371,Soacha
9988591,Cota
9988601,Cota
9989241,El Rosal
9989281,Tabio
9989281,Tabio
9989341,Mosquera
9989591,La Calera
9989631,Subachoque
9990201,Chía
9990221,Chía
9990221,Chía
9990231,Chía
9990271,Chía
9990311,Chía
9990531,Facatativa
9990711,Tenjo
9990771,Chía
9990941,Mosquera
9991051,Mosquera
9991071,Chía
9991201,Funza
9991221,Funza
9991261,Funza
9991281,Funza
9991281,Funza
9991353,Tocancipá
9991361,Tocancipá
9991621,Zipaquirá
9991671,Zipaquirá
9991761,Zipaquirá
9991841,Cota
9991881,Cota
9993091,Soacha
9993151,Mosquera
9993421,Fusagasugá
9993501,Medellín
9993501,Medellín
9993551,Medellín
9993721,Mosquera
9993811,El Rosal
9993861,El Rosal
9994591,Bogotá
9994721,Bogotá
9994841,Bogotá
9994861,Bogotá
9994901,Bogotá
9994961,Bogotá
9995011,Bogotá
9995041,Bogotá
9995061,Bogotá
9995061,Bogotá
9995111,Bogotá
9995111,Bogotá
9995141,Bogotá
9995151,Bogotá
9995601,Bogotá
9995651,Bogotá
9996041,Bogotá
9996131,Bogotá
9996201,Bogotá
9996211,Bogotá
9996251,Bogotá
9996491,Bogotá
9996551,Bogotá
9996631,Bogotá
9996791,Bogotá
9996841,Bogotá
9996981,Bogotá
9997221,Bogotá
9997251,Bogotá
9997521,Bogotá
9997591,Bogotá
9997791,Bogotá
9997831,Bogotá
9997921,Bogotá
9998041,Bogotá
9998061,Bogotá
9998321,Bogotá
9998331,Bogotá
9998441,Bogotá
9998511,Bogotá
9998521,Bogotá
9998591,Bogotá
9998621,Bogotá
9998621,Bogotá
9998711,Bogotá
9998871,Bogotá
9999071,Bogotá
9999101,Bogotá
9999151,Bogotá
9999481,Bogotá
9999731,Bogotá
9999741,Bogotá
9999771,Bogotá
9999831,Bogotá
9999911,Bogotá
